349299 357395 
192386 280752 
165704 156945 
39766 59177 
623089 277853 
579674 -1 
381485 531462 
623100 465121 
66123 123393 
588742 300665 
330403 411864 
508218 497584 
88630 -1 
587033 585316 
555830 431667 
252265 16834 
502061 458860 
558256 474235 
565257 524788 
506873 139284 
204249 627817 
627403 622639 
592375 41461 
21546 28084 
108870 141569 
513714 281400 
621495 36899 
591965 580846 
40610 226036 
67499 42630 
26555 39533 
357828 240970 
602642 596883 
17583 3628 
-1 -1 
492678 45799 
393077 10028 
321489 306697 
12766 93828 
603527 593745 
501891 609513 
396101 376842 
328415 498075 
65464 65560 
568675 23588 
627407 618162 
91910 108870 
584529 200284 
268744 32265 
412482 309744 
368284 262345 
26565 121947 
491994 488901 
52013 11534 
582359 582669 
627408 532921 
24708 299700 
571036 566642 
518288 211758 
272581 151139 
2505 513730 
556662 542870 
518480 34055 
563640 532093 
320382 203096 
187648 415770 
78734 80563 
26555 345067 
606298 476591 
628048 48602 
368042 337288 
552614 147330 
37607 258184 
609206 586184 
590699 578010 
625451 612052 
622806 543143 
23325 321551 
629542 627676 
315570 622159 
416242 399032 
102953 609081 
610607 607739 
107219 167185 
627812 627327 
616471 588742 
627759 -1 
122293 189210 
18747 255455 
600580 60304 
286507 23875 
622671 609081 
628458 41011 
15738 19437 
602616 338177 
277686 496569 
615976 63737 
48304 55239 
625451 68028 
82371 208837 
39533 406465 
115678 -1 
202549 26302 
302679 118817 
221615 473359 
573022 615094 
367779 467556 
629759 629542 
625255 622394 
567061 320310 
331787 305423 
575405 218068 
627609 627453 
624008 622159 
486261 586737 
204494 122348 
615448 -1 
577262 510813 
620156 286507 
432799 253905 
625266 616123 
18461 99643 
628217 15164 
591518 539012 
57256 276256 
629759 626858 
36835 95517 
559860 75721 
393077 627453 
398894 66249 
505948 629774 
44522 44998 
584187 384397 
599271 570004 
164625 134523 
579965 575229 
132942 84422 
629759 629542 
12654 12172 
360652 64954 
434134 370025 
626858 616641 
611776 591029 
18674 427496 
252640 421919 
623591 622975 
234205 69163 
474235 385129 
43220 36016 
628458 18617 
550835 499300 
482579 510907 
429234 427205 
628881 627812 
617713 -1 
29270 140680 
371502 601679 
623624 620271 
607702 627817 
79769 342574 
265637 21976 
39766 422672 
65517 20604 
617560 611000 
13674 613208 
14909 -1 
58107 125682 
46037 66214 
570004 270583 
491034 31811 
140721 47455 
546518 60209 
58448 427892 
516731 456570 
122348 588389 
39769 290272 
71811 265782 
197718 -1 
252583 565555 
176411 165870 
125845 281339 
566086 561685 
627759 404781 
597082 594905 
361349 459111 
385129 603527 
593843 273140 
84113 626551 
194677 463978 
154521 560359 
64976 25069 
279917 602177 
501134 420270 
240132 144559 
582722 477078 
504656 429525 
6633 576244 
348138 29361 
148805 532921 
104822 243941 
273052 580846 
189090 -1 
595989 571531 
428208 623624 
599125 564961 
327938 187648 
82159 198121 
454435 222690 
55368 61906 
566240 624336 
596741 580169 
623591 622975 
609712 469574 
331360 281185 
517036 512686 
279073 463103 
281771 -1 
628881 346274 
618685 607219 
219037 519604 
186646 183965 
278594 622355 
264837 587771 
105608 608270 
183965 627609 
572732 570783 
94366 596714 
457079 95106 
617560 611000 
623100 617614 
441351 314411 
37133 90307 
611168 605524 
563990 496432 
229267 367709 
581745 546242 
315096 264711 
155762 158202 
220208 271533 
11970 582722 
163659 627564 
22512 421379 
604627 593084 
108127 115844 
473523 306697 
25963 -1 
373703 419700 
602261 509714 
28464 41461 
554703 230763 
563640 532093 
608085 590367 
168937 -1 
89144 141263 
31606 54375 
628217 605869 
385605 20527 
560119 576073 
523473 51102 
194273 151139 
43774 134456 
64976 202631 
412185 467936 
115445 408721 
537841 474201 
626975 627812 
529021 524948 
167014 254795 
430233 31300 
490458 585632 
537881 467556 
17407 613677 
92690 342552 
556040 531008 
567199 312445 
622332 601825 
435831 478038 
187304 185204 
41461 47619 
622159 582444 
286959 96662 
453757 556246 
92038 162574 
484358 114550 
148398 -1 
75051 505 
487052 300212 
411848 221373 
86010 143294 
537091 602616 
606619 605869 
37133 105358 
625266 405701 
136087 22975 
207984 454714 
601280 517026 
415770 187648 
363985 452887 
115264 31300 
198043 151076 
600922 627327 
599271 570004 
194647 610718 
629759 629542 
91910 228191 
108127 276994 
387315 50609 
456653 620201 
21902 56328 
439775 77351 
628881 623624 
279622 48108 
206738 627812 
628881 623624 
362425 38907 
448162 3628 
134456 307160 
495415 361856 
21304 157295 
30998 269805 
618875 577797 
521320 78070 
457594 433643 
95524 565257 
618388 616803 
368249 309926 
585226 395196 
337416 137579 
69492 249887 
440199 582669 
22245 270497 
486779 64232 
362046 572400 
304003 320642 
627760 623624 
256102 134456 
59699 82159 
610952 606850 
145494 215594 
608151 520345 
298244 48106 
598331 578135 
-1 -1 
418533 187405 
95275 145494 
118817 -1 
252067 382750 
224950 72443 
155575 334632 
447849 272665 
248792 22941 
603169 443548 
619487 597487 
36409 59290 
407339 502061 
615772 614623 
8540 590762 
624083 584650 
120452 397819 
165635 369637 
476922 628048 
293628 57800 
603685 603234 
601382 588462 
627403 618875 
398380 484626 
629542 627676 
613208 105191 
566400 105608 
629307 613493 
12489 13057 
114168 280050 
592937 535034 
586171 85642 
61906 205056 
629759 12984 
51102 36502 
518480 481542 
584925 572911 
421919 28501 
420270 -1 
164790 618388 
476922 620201 
287759 48431 
10666 -1 
59053 195705 
31811 236433 
185902 38816 
626145 369251 
64954 117550 
465778 447055 
129191 362235 
103493 141263 
476922 627564 
627817 389447 
48108 406075 
127265 574004 
503541 36218 
203931 206801 
584198 101401 
339074 272383 
133768 72442 
383767 558451 
623151 562306 
345057 53037 
556224 419743 
579459 515519 
623493 603492 
320519 25178 
288634 19548 
434926 33834 
582347 319055 
409536 563776 
611796 608041 
113543 52472 
261538 29270 
599125 290876 
603040 463026 
13449 42630 
611776 586099 
624336 593998 
40535 121491 
628881 626975 
317174 100670 
2697 -1 
12525 9186 
575342 517270 
132692 143552 
45800 608085 
573056 569282 
626858 616641 
609712 606034 
609712 606034 
68319 537344 
76929 577797 
607702 304427 
581745 -1 
3371 596019 
154405 95259 
615499 578010 
355267 273950 
253716 160495 
388475 298005 
168762 183965 
546976 564159 
43774 587305 
20131 286669 
285653 541059 
282839 515110 
620253 571176 
591518 596883 
627817 69994 
416243 615520 
558504 559424 
583112 100029 
288085 588667 
276994 86918 
494365 335259 
14218 83541 
230639 290876 
32265 65568 
615538 606868 
368249 302692 
55239 521199 
238735 383432 
420587 566008 
595989 584925 
147426 297719 
615361 605524 
268301 492974 
263916 5498 
205638 22469 
284192 575632 
625451 262403 
308277 536954 
629759 629542 
64795 -1 
245096 511845 
605475 603527 
303882 194273 
401205 54023 
59538 348612 
600580 589673 
211220 621220 
628458 18617 
380585 402662 
571177 469248 
311661 603040 
41388 228514 
272130 43067 
93356 518556 
75870 159031 
268744 278456 
69163 82451 
206374 36636 
628881 627812 
219655 412302 
59645 70401 
569139 38816 
605436 604533 
208837 215829 
615772 561685 
579536 561215 
94614 166925 
564750 -1 
617560 611000 
185902 -1 
92929 615565 
19548 584925 
102508 181831 
533437 509714 
623847 620110 
425853 217578 
623847 69994 
174761 136414 
67499 277713 
37133 137124 
82371 303717 
58107 86010 
293546 21546 
468983 190790 
291941 261349 
19635 65361 
627453 613403 
51102 523473 
613519 602759 
303446 94614 
35071 626613 
629542 48408 
186384 170932 
624083 564922 
73279 504232 
584508 578635 
370137 390421 
481553 615772 
346530 613677 
627812 609081 
625255 622394 
580590 -1 
496569 627403 
584650 581134 
40224 81788 
501533 410995 
627408 608151 
628048 48602 
334632 517026 
620472 41637 
277287 540823 
268872 -1 
292511 622639 
30856 -1 
620846 22469 
445150 440682 
332650 127004 
200934 486830 
64795 228298 
43705 69071 
114205 59951 
80711 579674 
43774 208290 
578975 573093 
627564 626816 
26555 441759 
628598 585632 
312373 597421 
229267 412963 
623151 622355 
14570 421202 
443548 297599 
205195 211758 
257969 496492 
136414 563339 
308277 408687 
458693 417578 
628217 593843 
544172 542870 
176202 343030 
494365 335259 
430893 455143 
390193 88630 
26248 26803 
9805 519849 
200638 141507 
15565 44401 
287889 615538 
446684 629759 
627812 627327 
421159 616803 
562427 542191 
19635 65361 
540707 531691 
181597 623089 
344098 512109 
426556 268301 
92038 597609 
246122 29126 
407339 612052 
601825 534007 
257332 259131 
615538 64756 
21902 72734 
165708 186646 
430233 530573 
349299 505722 
367709 27558 
629542 29475 
48445 57068 
69994 400525 
497854 144895 
535280 -1 
53903 117227 
622840 621215 
600796 597379 
342574 384542 
422974 94544 
506476 196701 
177910 151831 
209468 520835 
620472 620253 
629183 15746 
340401 143717 
161097 561844 
60277 100500 
422641 218708 
628217 605869 
128152 251904 
194030 627812 
627760 623624 
422974 401342 
513281 436411 
276854 415296 
601382 578975 
75492 -1 
320642 607588 
531925 568230 
350587 300665 
530603 144859 
264711 41461 
604341 579583 
476922 590266 
506919 488208 
602642 570097 
278561 616709 
293631 82040 
430233 492008 
629542 627676 
620536 207504 
198249 25963 
326716 23325 
627589 618388 
579583 27033 
109168 301338 
387279 324629 
498838 464170 
55341 628535 
137921 605365 
172829 472848 
91263 90307 
608041 448796 
365594 325364 
556224 419743 
621308 483844 
75404 340578 
191059 122825 
486261 626265 
445754 188555 
276139 29035 
59538 62022 
585226 510546 
399203 -1 
98708 -1 
578135 535600 
353201 257327 
629759 626858 
523500 287971 
93356 410526 
626850 23798 
26248 153519 
328368 622614 
628693 623586 
507497 48767 
158272 347924 
514943 388475 
613080 604627 
190710 -1 
629542 626858 
236855 483886 
204494 601825 
198072 134197 
98708 125026 
273053 81626 
16462 249887 
73384 320519 
370134 68028 
327879 237128 
23687 26453 
205056 281792 
628881 25031 
305615 -1 
285737 427253 
628172 621518 
102181 110148 
172829 55921 
41461 47619 
357001 29361 
611776 591029 
613464 123393 
12048 23798 
628217 597650 
326638 449940 
482506 127387 
237797 629542 
21546 40863 
521644 456129 
191540 33877 
388709 43059 
19308 367709 
577139 295275 
626850 36218 
508568 331787 
584423 486643 
629183 627407 
543999 567358 
151076 34597 
515921 265076 
80872 115311 
629759 571365 
419743 490479 
588742 608363 
416061 -1 
617052 607219 
435930 605034 
623591 622975 
383203 71900 
624037 616300 
594252 -1 
515731 483083 
503734 451642 
280433 627407 
622355 234205 
522218 244519 
18934 590797 
374491 75051 
61208 62803 
135551 323937 
581745 404909 
342051 51847 
59355 -1 
273513 1144 
15502 454420 
449887 269733 
100122 590762 
48357 55368 
623591 596001 
587627 526640 
518288 192938 
112734 -1 
480784 582722 
409536 2819 
179931 -1 
582292 429720 
603065 544121 
614970 614816 
510212 486779 
206738 497561 
286979 520504 
602642 87266 
619959 610718 
583898 537862 
28501 263814 
523989 185540 
397929 440067 
531815 383801 
576073 549943 
56669 391420 
613464 606034 
349220 428270 
22469 127321 
174558 525413 
162794 353616 
15164 420293 
114839 141250 
404687 90063 
559386 545878 
405644 568629 
628048 55123 
279751 52353 
306671 230109 
144374 248006 
610607 607739 
435483 219706 
555830 431667 
54457 415992 
354396 545878 
629542 627676 
31300 97695 
606842 607316 
540745 585632 
598331 594369 
629183 628048 
87691 63737 
617614 606619 
259649 75051 
47619 67633 
458452 395795 
623828 615520 
522882 521525 
469518 568629 
515108 490660 
9805 60789 
512686 484626 
196304 468983 
609513 124589 
128339 615499 
509231 438595 
76988 137247 
78070 194378 
206454 519849 
63000 589359 
467570 561084 
55217 72378 
629183 606454 
41731 191155 
146268 365215 
535691 434020 
239540 -1 
5508 355108 
84573 4320 
497116 28197 
482196 456542 
621888 617270 
602261 594359 
374286 592152 
578691 130731 
273489 415296 
309160 14841 
621960 575792 
515108 490660 
19308 39533 
55067 547892 
475541 72128 
570072 449541 
611796 608041 
605869 592916 
555448 490094 
95678 415770 
13672 624191 
579965 568004 
24708 29784 
612501 612058 
626613 626551 
3823 139327 
122865 106936 
606868 150217 
223137 21411 
602261 594359 
331787 203931 
222690 581228 
577311 548354 
239343 110052 
191785 168595 
104481 626145 
618875 577797 
199555 221615 
33834 44522 
50231 69836 
626858 616641 
539791 512109 
18617 607219 
576206 572741 
205195 44885 
343042 264837 
286979 340668 
627589 618388 
462908 606034 
618388 608085 
627403 276256 
176411 420411 
16177 64756 
202549 70990 
575422 257327 
613853 597839 
285810 -1 
512082 463331 
427892 537516 
80872 110287 
627760 626551 
624083 584650 
14094 94544 
151669 446039 
325965 100130 
151640 249267 
627812 609081 
550293 429198 
161097 95808 
517036 512686 
29122 54263 
552321 547758 
223269 505926 
300261 605475 
542883 617713 
24448 189139 
173534 526063 
59081 84113 
13236 -1 
61827 586184 
503499 434758 
434134 42911 
46418 64182 
614970 91910 
593328 582722 
495940 57314 
411127 184673 
345776 239102 
263695 606850 
123025 52787 
619487 6407 
29361 606850 
357642 338098 
515933 238802 
353670 625444 
628693 627817 
447187 59053 
21902 590687 
501891 579624 
6129 282716 
436190 348664 
148805 629542 
74613 626287 
84173 560359 
70031 254605 
618685 607219 
621960 620201 
31811 129512 
629542 626265 
34532 212701 
267183 426364 
221535 219000 
15164 135662 
51847 376842 
628458 588621 
601695 286198 
37114 -1 
198072 442238 
439374 70091 
594040 584906 
408586 604627 
362517 578010 
455259 496095 
161097 65985 
12489 14841 
598331 432799 
626613 35071 
596099 593256 
622614 600922 
615538 606868 
335123 167743 
626613 626551 
537202 36502 
618137 251920 
6129 220598 
602642 28842 
117043 109886 
627812 627327 
186318 55022 
125643 144121 
60789 84573 
616709 137579 
622159 464569 
314965 -1 
83561 625451 
586171 24708 
423350 620472 
590797 542883 
38907 64864 
19548 124291 
32265 65568 
433350 59743 
187410 31302 
9805 246496 
584925 543211 
527348 346828 
612527 369037 
198024 421415 
33877 541059 
491418 471451 
206374 593843 
603527 371285 
617560 623988 
628048 582669 
628693 304380 
611948 395249 
27558 201051 
249887 -1 
620994 562196 
4320 -1 
76943 122878 
504463 457926 
72443 72757 
