412846 48300 408302
182508 474934 611318
288234 394530 171597
378711 542402 534779
17132 30135 110563
22552 619759 622782
216499 624715 306908
537174 484580 182497
507819 263149 50123
482901 242563 -1
172506 607794 70478
441713 123504 175667
93417 560221 143062
263169 -1 -1
482652 317172 614582
422918 178833 224767
363737 19835 624976
337709 180901 391138
378046 1500 568556
156397 463044 202250
602670 12112 32943
5955 -1 -1
567344 479838 263529
53758 406578 90718
537756 600463 324344
267210 210551 24200
68127 1567 171753
582035 482457 520383
317876 147986 332371
360915 380980 148776
249233 391104 546988
310124 36310 193231
465322 82741 140534
354834 158424 18834
459048 393922 122846
362896 109222 152369
369783 63617 361103
410096 558855 546258
569786 73035 248565
341389 -1 -1
292567 527152 84970
281005 177665 513663
601571 -1 -1
531946 213068 412086
305662 296412 286049
534206 94684 501464
298012 64522 445897
113066 322072 325043
227035 174877 106384
578558 3589 -1
502245 507655 296824
186819 462544 524252
471974 583184 57441
267348 221206 463570
3404 -1 -1
579357 221392 511503
146147 348540 577764
453233 107743 170520
557468 158880 505950
88631 39097 298597
157280 258881 349001
486609 472698 35431
357000 -1 -1
167723 382836 393674
487462 575535 44333
27437 45541 57797
170473 305937 477749
243600 310662 19906
216631 66141 393210
52173 223917 565250
103884 576143 387682
48373 60578 341123
204909 298386 541757
539903 51295 609782
521652 18849 34390
378046 568556 402658
130232 91312 170676
45907 56420 390570
329612 119504 461964
426201 435982 125387
363939 121552 194260
229807 304502 126702
168418 375161 -1
109759 405687 434192
20925 323116 90401
299119 162111 603326
435173 252762 551797
327505 81470 493479
315063 96872 277743
578297 138215 200523
380855 158461 117681
628642 591680 611872
155109 362200 147413
53366 334945 35499
565049 -1 -1
76728 465686 195793
438685 108121 560602
224167 169479 67434
135583 514517 603229
89784 455515 -1
124872 64232 222812
7287 335161 433805
514695 292221 -1
286502 418765 297071
563173 225026 2111
55581 248543 565832
310899 455335 103894
404492 241843 293758
267777 53258 259759
517622 -1 -1
388617 527202 389348
578124 -1 -1
10835 380169 406646
248085 -1 -1
223326 569015 394636
610417 236215 7294
107802 296078 395750
522261 331014 146037
305662 603280 504325
311352 281222 548345
170366 399172 586124
225348 521382 195527
168265 521981 358125
379931 386853 -1
70361 567334 490714
440595 287666 233114
92825 466065 183911
128654 154165 499523
364040 263030 28924
12626 348692 478550
227903 182578 95346
53258 259759 27986
21121 -1 -1
62728 455975 320229
377815 395479 527225
179316 363908 67768
511103 394636 181825
50206 -1 -1
625291 148971 466534
452587 576155 78839
441814 502245 179316
380733 531605 80190
226341 491420 454019
302721 529738 233206
311569 344139 491668
101897 579852 158821
135152 -1 -1
513861 27841 62460
609477 426173 339911
190192 481615 215384
454210 185160 -1
468829 286211 387433
184132 619038 610296
493156 575535 64040
544528 103563 349774
528816 551250 247236
308429 238185 599456
366870 570946 268292
115833 122997 137185
9310 230159 458200
8900 327139 336682
361993 352012 358499
420853 136083 212522
502796 184686 387279
183014 442522 578264
25756 295820 57441
294 337509 472005
507319 393922 71870
945 -1 -1
401913 294276 445555
89678 233240 303537
596873 266701 441713
91597 465204 403787
210229 347078 397593
97956 159590 476333
122312 395028 436951
322245 23878 231080
72260 98438 365165
617084 114684 360873
570943 235671 265374
263073 429080 208083
25756 246583 620767
88867 -1 -1
362908 541911 205867
214056 307666 556241
235214 622193 46737
621145 155322 82950
393348 451799 294123
187613 431738 -1
448096 -1 -1
184369 159861 168141
989 55582 350714
251182 130978 96910
72624 22925 405423
85458 195269 -1
157845 265531 467882
227981 119980 596635
333703 85479 397725
374817 500014 336313
85540 473203 496135
389725 611026 137479
172353 302740 277554
-1 -1 -1
387944 7486 489233
12904 387207 391196
450412 274918 318438
525283 151013 2293
79605 356330 270323
336318 374811 341046
495968 339156 536399
229807 101197 78489
542581 252908 532043
192413 556283 567173
38107 186974 387280
406411 234679 226341
8662 15516 610922
25756 61831 563499
620949 531880 82324
545995 29117 398083
220816 355618 367069
228594 554439 384863
547054 48205 577900
262490 535185 56091
314805 39897 76814
232935 542413 3627
170031 405085 476834
262490 311561 535185
593001 161157 317878
501386 -1 -1
557851 458733 484106
82 596053 476529
367911 143638 235345
313986 380922 1683
482869 432625 539258
527723 139091 141366
324093 570670 509690
430027 -1 -1
301150 433363 310314
139975 370714 265890
217477 481038 624855
358569 591984 597959
196195 553069 148954
557427 197674 123902
623348 520865 616361
409880 176595 361647
611170 433197 432625
251452 -1 -1
577973 347245 296210
602285 64060 326093
89194 438944 450322
403972 186392 191476
468696 89887 553819
547771 610195 47469
521675 8728 614449
296875 314858 55999
452705 -1 -1
576916 70871 469263
437998 10999 438463
579665 155109 272509
171363 305011 12
593822 165976 541127
457905 330783 392564
461425 71635 575508
251132 606569 -1
154734 587507 67512
87371 233769 336852
579037 570946 396358
84793 469815 63162
318671 437284 335303
28981 320533 363207
387944 580020 526717
535688 297099 451908
396042 498676 99155
142498 295180 125457
588629 68591 461494
520512 412355 179529
353348 102041 425449
270303 542935 199934
448493 511327 557506
285040 488127 539247
46853 408800 82028
591763 355377 197015
619924 508285 277414
6779 616171 9818
408528 112237 368667
546285 262039 103450
151229 425758 117952
428366 603551 142066
282524 223871 292385
377833 41425 109053
318078 -1 -1
134686 360915 380980
500862 224669 311643
154944 304821 290357
412533 359733 55320
90084 165178 105954
118203 31695 -1
576167 301106 115840
499566 592946 278485
531946 329295 254192
622112 146004 312425
311352 342981 80427
120028 247058 602285
118331 10757 615405
11019 123172 11200
582248 536000 501262
240782 187369 603016
260485 325123 108279
595415 582902 205700
174588 75465 282401
486458 339737 245593
33172 218937 322911
394505 13700 515720
607808 464778 189787
178328 21545 171414
145765 226770 145666
69171 443106 130595
423512 183466 626192
564007 521409 76364
179327 280385 504851
405687 434192 294619
617490 240988 236620
400914 504726 350874
184720 300280 324478
605724 135023 340226
467390 -1 -1
438988 443106 362373
-1 -1 -1
65681 402633 554937
350689 614102 350797
456400 446997 536756
272677 166919 389589
242504 388617 464757
235816 608699 328222
160748 148461 230754
376867 592160 80853
292060 342915 85462
239561 405912 25304
159391 176651 131845
41008 128528 -1
493316 130175 415978
26857 390104 518680
344530 496627 461949
228118 182497 425882
249380 372534 549269
574758 604326 62173
436166 307023 460386
175876 294943 183979
253365 481097 277952
10466 169045 337480
526945 616309 67941
499797 226619 170473
629443 71799 11812
122312 395028 124872
76710 494969 91327
41744 -1 -1
181987 -1 -1
303712 263096 292372
582678 409853 446770
133382 126672 532528
611243 168586 605922
433140 590789 88984
436010 188862 604905
292645 1613 200700
377721 181083 361074
464204 543060 319633
306945 253803 291056
110704 435479 496860
427557 505663 577890
533032 446321 105660
51343 428885 -1
127056 135921 58302
20953 92274 296078
109669 537917 265420
287470 542685 490128
437998 113039 594571
168948 210516 52904
433367 202703 523564
248707 -1 -1
67252 -1 -1
414757 204919 30310
450984 295879 394992
387090 405861 29814
16605 584038 -1
265243 623488 534482
258870 -1 -1
145427 461541 142650
23343 445934 538159
502245 263249 345191
139943 241411 242105
434513 419539 36563
477533 300932 195198
621187 614417 190481
-1 -1 -1
527162 63900 363207
1675 386669 578452
593553 325820 172496
517245 621214 454873
343411 113039 358435
223499 325975 81443
387332 599424 282971
294888 440171 430626
493252 282152 480180
542581 252908 532043
231160 149537 232935
159670 230515 222517
333629 136185 570870
438345 92114 484990
134431 -1 -1
52572 352629 408544
467154 612928 141988
24856 277286 192623
94431 283434 541024
385195 -1 -1
250451 244235 435069
516199 420234 94685
83870 582434 333697
99377 308569 387337
90320 245550 529157
502390 459481 114766
593822 165976 327852
441814 439078 248856
4698 -1 -1
354339 286211 101020
34618 459370 191055
601512 383744 239469
50206 415223 428598
587038 42947 471005
316174 103510 160157
249824 74248 39770
258870 -1 -1
593075 205839 -1
277952 358939 404996
493252 282152 480180
493660 366672 -1
189884 145207 137007
900 310979 335445
164293 114871 159424
44609 203600 172772
100627 610217 193545
390859 379065 374698
456376 468918 453797
248493 452708 527004
445715 544310 491483
582173 226788 55714
364255 473734 -1
547979 628552 18504
421783 189430 380389
308429 552633 210419
311136 537117 218938
16605 437383 185032
260850 399559 173175
372037 551451 336955
324794 378201 331888
127994 341287 499307
12264 177284 355722
465953 147025 229576
517403 366880 517628
548442 306507 292689
500014 472745 43568
139825 149537 168197
2666 213246 96937
100669 58012 292547
506168 12467 -1
500096 231255 453334
26219 23191 62753
536726 431592 260194
532014 188448 197696
204909 433556 471250
172714 275825 29290
493295 374979 569809
272875 333143 164088
153034 346190 76994
315114 619832 547575
181572 153279 462356
246581 49115 616751
437383 494025 439284
385464 10501 322104
264401 520573 580450
94109 457577 426565
158424 409824 412240
615041 440557 170682
558441 574548 100675
364686 369577 569362
473945 557851 462941
490128 408536 135236
521675 8728 153189
258881 59219 139660
426318 606130 66867
9817 295820 591763
314858 38508 75465
617639 -1 -1
202101 387201 27374
431674 515995 68855
507347 172401 588575
509957 385835 285490
443382 380580 401769
159670 102656 222517
452587 231428 592140
260372 513153 474186
425506 119077 381349
45181 82565 564086
224364 448924 453344
97174 72260 98438
444351 403397 64103
317887 273446 182123
172355 354745 80753
92825 560101 504231
217729 86011 181175
591076 -1 -1
377378 266863 601380
152146 183103 379751
604729 289782 600030
351763 15596 551946
371349 274087 389125
534547 286317 77370
367246 407886 520734
11163 207334 240612
580284 611831 72151
154443 252039 328126
592748 408536 183585
167478 30135 285109
589077 309137 421329
465089 204887 264826
579340 301516 116672
305396 7006 286684
191763 470903 567014
214554 401857 496200
181520 331256 188774
62650 173797 620381
362713 122508 355285
141570 476759 54000
335116 -1 -1
350323 181987 413860
390069 -1 -1
580061 532014 188448
372629 282781 317948
94110 455618 228496
143745 156714 289842
97882 563921 198401
460961 88739 239561
75980 620005 482157
567407 -1 -1
378052 615799 332640
598640 51530 135058
229903 392676 421055
4010 578945 229159
37297 178683 396509
361265 135729 153804
236387 574464 157373
39470 181825 242500
470752 417820 312224
-1 -1 -1
594704 459370 250566
245924 599390 141034
224821 428458 8512
13065 230360 248707
395811 335493 252039
44756 409198 582608
165861 311643 94786
599748 326802 -1
520817 581304 495186
607808 464778 111035
279887 271414 53920
353192 478989 102784
584290 368479 428363
600762 427557 248246
335491 135161 74318
177033 130236 468685
270303 149862 439049
317178 8266 49697
358939 193169 590534
495844 281342 47341
320922 249471 297633
352793 207334 240612
97349 499808 317660
113970 139237 271442
181515 486538 345065
36018 30594 567120
317688 581471 141011
163205 582325 108080
166800 -1 -1
231775 525857 319946
18844 124310 193993
167723 273328 285567
53366 70058 334945
470132 296875 37431
316174 329717 188090
474321 -1 -1
90933 254789 341392
406835 217103 57820
72624 355715 472745
325266 222279 87179
37589 151093 169965
361487 587686 285218
74907 86882 232691
381640 -1 -1
139745 422375 357348
310109 -1 -1
217648 256319 461306
116558 43808 524419
475788 110583 559014
553982 78125 610505
378711 359867 417610
295217 -1 -1
422043 543843 610578
564007 521409 76364
159571 172390 19993
355924 547909 105525
237356 541381 5448
552633 249253 210419
330530 66730 404864
564429 418042 256855
90535 207609 552852
333703 507319 397956
218908 213440 393854
102684 149123 258516
496627 223755 608717
225606 176242 7543
569809 497171 257842
345832 56652 83965
592893 224364 174221
296875 56709 269875
420330 412533 359733
18327 408844 -1
153061 209261 502458
478135 200753 382400
586850 586984 519770
107818 390768 209011
472895 238327 328357
-1 -1 -1
86905 348903 595562
253830 524811 611738
397103 196067 364839
106207 120977 474186
607121 238432 84711
36643 520571 220728
427495 320533 12056
13529 58054 126348
480748 573264 -1
374811 612112 372282
378071 174630 211671
45484 1613 390583
291809 7942 159764
424758 57170 57116
82526 128250 463753
503250 286502 296210
395399 377770 598276
146004 13291 501337
402390 450773 151229
279887 185212 90257
151548 265228 39992
165076 499998 615609
93608 358383 532468
7678 225017 489122
40267 325259 420215
16935 542930 237076
577382 592411 591811
514445 291850 166039
342451 164562 574443
625678 138824 522641
394167 51466 364442
233114 13604 464663
557477 -1 -1
265077 509631 293519
140921 139830 324004
595602 138215 348427
386669 578452 60788
120684 50206 460952
150964 342702 331375
384094 482062 48373
135884 24634 28436
368093 339468 370959
503221 401101 110989
496691 198296 55377
360933 124310 12
172441 281642 99377
521807 464947 316257
326260 127659 436010
513861 224162 224072
368848 116 253694
210229 479331 -1
220321 414384 625834
610296 214532 33444
166080 371932 381862
312650 197612 464854
94272 77854 529789
343587 316774 362337
130740 356577 490565
146465 102907 263706
267370 -1 -1
9538 337762 128908
220816 313986 355618
522738 594661 372219
149093 376023 217662
523465 572434 256054
323078 378201 484979
592078 205737 -1
366774 163648 456765
272875 333921 333143
385447 482958 333742
264291 238185 558589
589764 498420 550693
185032 88065 532995
463181 419453 155588
211629 125880 180930
414384 600598 36166
418259 -1 -1
95544 567252 376746
578992 250251 535028
339191 574084 52624
386551 158636 522014
10118 161270 533815
512126 176005 463104
560221 116915 505985
184768 427098 427408
88997 384707 404251
218753 542001 151229
288263 176924 266155
345832 322750 118076
319733 403437 48230
455888 402163 87292
137017 273517 -1
206608 478550 22302
181520 221029 126498
603166 445702 591429
259679 419453 155588
367656 347172 350563
513440 387662 301939
274122 -1 -1
-1 -1 -1
341024 7875 63728
97374 396479 380239
260485 13582 416434
388938 46718 576143
180447 478166 312247
241843 293758 150700
235816 608699 328222
356301 150346 535688
598276 169528 484156
77588 434269 288261
391006 501032 38825
223426 310213 376727
418286 573958 373713
202184 231102 302082
153468 104964 238440
566282 241028 248652
389725 611026 137479
211032 621229 -1
264816 464440 96243
603413 265420 327051
398110 576587 337478
148874 24956 230924
190226 402633 211671
386251 349247 403437
16414 8368 121347
216512 172185 621036
273877 2461 375760
223755 474321 436551
416260 207880 148874
617782 509690 537917
22421 386853 521411
604666 91618 398435
330530 335890 196195
35975 440643 448562
248808 341746 205463
407008 622961 355610
614097 141367 189103
448306 336285 229853
622193 135569 495779
11049 531798 616194
405053 489327 472234
-1 -1 -1
351868 -1 -1
395807 433363 462393
544598 595194 320533
565720 529960 419035
225147 401991 364839
337709 98398 138520
7556 9818 418569
419269 181230 364442
606163 7991 279237
523291 115263 37522
239346 255479 421223
163824 44147 329888
531946 508974 271811
594286 466864 521931
267822 134402 411194
174301 45911 260138
457937 79681 47191
100591 185160 11702
93050 541381 5448
8677 72824 313113
311812 530569 539317
54946 338968 580873
24101 173013 2180
515458 171887 103166
1206 131546 82078
85317 11151 -1
379471 224434 288037
51940 316382 322674
456376 209528 411901
146288 30891 525857
627383 341761 352012
621592 430024 469961
557904 117731 205415
103729 340189 428363
56908 134176 442005
340250 260258 187337
175745 491545 300205
70142 123395 480059
286939 109262 615697
459634 524887 108696
174097 598703 384293
70514 106564 513395
18849 34390 50389
600293 165720 186974
27819 14904 298319
481226 522518 324441
518365 302077 374901
39351 72523 285145
624715 586107 522757
576143 209084 263529
538633 377010 176442
574690 50730 294208
453751 105906 480799
509854 280560 134915
46605 156499 5887
324093 363512 162213
531798 64522 334615
362030 107743 590890
594021 617051 626510
445721 460381 248246
400794 -1 -1
440533 577344 461860
151098 -1 -1
492138 71590 91132
220660 417683 523291
227903 83316 524404
256147 361765 460613
518309 215165 570082
159571 230732 241687
-1 -1 -1
455537 96256 581251
512614 234619 564260
97264 383156 -1
146037 270596 162708
226760 62518 84361
529157 240535 106146
434018 4355 295482
185922 567044 533262
152830 67941 247915
544860 438511 33822
387175 3835 469432
297388 239261 283334
531489 124136 148874
232822 463044 316697
584551 183182 608545
239048 -1 -1
315114 547575 434463
11521 127858 523866
66657 334637 445762
117240 35730 307135
423029 251319 601744
104354 258397 388337
595534 103018 142592
367494 494175 600030
66801 431894 26861
607121 126823 242471
562784 144961 234723
313988 437159 19993
40889 167593 579436
419803 142871 186674
170663 317731 457577
130207 319364 455632
258824 38550 447547
604778 194559 200005
91967 598809 552633
571713 537419 486791
242277 487189 347072
35975 440643 448562
12353 68127 72624
4100 360034 364379
377429 569049 346612
38107 243892 273732
497221 540490 74331
229246 341121 476127
186868 385331 8589
173436 306834 482552
607602 247795 390583
109849 300323 59591
276749 585440 600050
497365 34798 182745
324246 136083 257811
427432 295917 510204
345944 181175 268001
13529 126348 245620
386546 311352 460381
400390 190439 1464
514257 19900 86619
345944 490897 -1
577382 476127 592411
351315 444437 445101
306109 426219 547819
450984 326741 381380
190287 626181 149526
334849 417974 506688
378653 330664 74248
557831 189708 67140
519612 267550 292385
464681 545713 277482
444764 23848 273861
103741 337480 125236
63233 -1 -1
620922 11607 233262
367656 191089 354295
90650 249189 618392
25228 566625 58251
612030 161021 333618
156910 477335 353291
356521 -1 -1
579165 621187 238232
527162 574690 10757
100430 612026 36231
483244 161246 453946
580590 597245 -1
305845 481196 76282
46284 192513 -1
619419 625840 11995
348540 351139 580050
473704 77799 574464
516670 412867 433127
563807 324004 93951
204318 4334 167994
447147 83620 335690
590363 468782 68316
535196 419135 573300
182783 613999 626272
327321 531798 310662
263551 517698 234679
209822 241137 243593
84840 72599 391244
373963 629117 288644
335071 517091 291066
417536 58158 42579
245267 -1 -1
256893 279584 63900
278838 481226 445721
272270 444015 207787
309678 438993 600523
346887 531880 419033
306068 203976 434223
581030 438594 353307
1683 628050 129551
628642 231299 277286
242742 221246 622047
291350 160578 403066
302785 14748 12547
159383 53928 292987
12264 177284 2709
503399 70003 -1
607808 464778 330673
136185 570870 537917
628462 602826 513041
118331 10757 615405
50123 290294 432624
338260 124667 175640
229807 101197 78489
468793 171007 157542
435173 250717 541381
15183 610394 213810
512280 569202 500862
454333 605075 333533
600050 419580 25236
271619 532087 430436
117545 151406 286305
466065 596620 183911
302402 314986 617861
367656 347172 389669
110023 135884 17774
416914 543858 608246
461586 330530 372460
503497 324030 561691
79552 -1 -1
476300 178777 10470
412543 379931 333742
346264 39408 -1
113211 407859 137467
96955 390479 512443
258881 387337 471890
424071 327067 248162
351442 328052 438253
479247 33130 405480
609599 167901 265670
113312 390614 99366
185365 465970 63123
447543 549646 434696
288551 539443 287084
445477 329888 321219
254581 454858 431894
592516 48100 156687
229570 496627 610372
163954 550558 55152
107818 209011 368441
134686 529860 133453
71888 311569 543921
63493 384908 285567
473494 403557 58012
337621 417436 429931
255088 578293 298133
340305 28981 182456
31438 226760 511960
14748 481653 214598
329636 328222 524749
352326 229159 467523
485460 588574 591152
31695 386369 440693
259487 361038 242105
557050 336285 553087
316914 78388 6616
404443 438642 620982
512816 234388 334180
398884 445986 617938
167017 53758 32166
526945 616309 486481
265973 -1 -1
121038 173146 90905
355032 -1 -1
166865 437798 343573
149526 291824 122997
576143 197837 -1
159077 233240 303537
177744 -1 -1
490423 57456 47301
452817 548353 -1
316257 347338 461094
301150 156335 207626
213517 320135 86353
66730 496736 307135
45848 579665 286502
468013 333475 75570
556080 492649 60783
365852 518760 191090
231041 326359 122501
559581 522802 234936
260485 392224 47063
571727 -1 -1
552299 270338 389519
73751 25029 188406
304161 302371 475904
85479 397725 57069
464165 95609 449676
490975 417350 12026
111163 44133 340305
216584 470603 64602
253803 551683 136217
280445 -1 -1
192292 -1 -1
425088 48138 344087
25244 -1 -1
126106 312703 443525
470384 -1 -1
563862 545693 488586
453769 171219 35425
512280 137683 575241
477533 247975 58453
386551 158636 522014
127560 144418 319733
384197 573149 -1
614097 204583 588192
189891 176664 384293
461167 361647 214333
104120 575284 212449
189103 621102 339911
240073 292711 556081
30017 -1 -1
180099 452955 466450
92937 608218 616824
537978 -1 -1
538505 31803 77186
298550 54718 33646
77189 400099 521661
478302 483687 522748
446133 132040 248025
581297 5026 500221
442331 573587 109348
488534 481743 547266
513153 474186 498931
416434 21282 393662
399852 443270 462941
501394 48125 313605
620922 11607 233262
216524 125000 530526
18324 19049 503466
503229 86732 125901
113737 509118 257754
11134 35539 208494
488967 59876 329467
182324 -1 -1
252336 24925 216078
144070 525903 138785
32848 99204 69700
476300 178777 313968
280191 -1 -1
273686 -1 -1
293846 396776 1462
510329 122755 501324
12904 387207 391196
526965 258824 69735
503230 29290 396776
208079 387876 462990
600444 -1 -1
137362 528376 331256
325593 396777 205841
392296 441010 200541
386669 576539 23302
521411 29929 206249
107237 140114 529753
341761 391085 -1
333921 273799 557089
55157 450085 352921
235214 46737 251033
395049 -1 -1
136521 576758 390842
588770 561921 144615
399772 41275 57267
302174 467048 519141
242277 347072 121203
444764 623087 29711
24933 27578 24140
514840 379760 467668
470073 504177 356521
627398 290863 287611
532972 500355 402796
445969 77115 439574
989 286502 296210
176971 248534 551399
125901 241687 206652
559826 597022 9825
351315 444437 445101
452587 175819 424672
54930 155109 62988
229651 561977 11639
283130 280396 244727
390201 177509 86905
592893 174221 235223
326652 -1 -1
323610 292421 -1
468326 214396 168101
454482 76348 353267
191763 13739 380649
378711 359867 417610
55494 -1 -1
283273 -1 -1
31813 210223 42889
565532 415726 408255
587664 -1 -1
3662 494505 244401
541492 591811 213657
406985 602049 154938
357997 91128 325716
38808 -1 -1
493512 453034 203918
440052 327442 403854
566483 493295 374979
257908 588629 330497
500648 273877 508401
-1 -1 -1
223426 428363 76171
542001 411353 308932
548010 85817 27137
294578 263427 290586
299119 191788 252904
14453 28691 17046
10118 445721 130688
481141 183409 387265
112987 373473 494038
76393 208083 128059
612428 454019 28076
358499 204467 272538
270323 311633 560967
261360 570223 593567
398943 118920 -1
409818 105065 308910
80095 479207 156118
208785 197179 504615
16652 -1 -1
162962 413821 356439
603413 387944 335132
434623 145372 299484
60767 252314 99377
42505 503901 522743
108458 215115 313223
272875 333143 164088
9832 126790 183644
418286 447728 181147
282861 116807 460154
1163 220520 209529
115833 137185 39146
124667 618438 251286
116915 224032 406814
86438 100107 478264
153156 294389 391079
86011 121968 456179
223451 427858 3771
413537 99541 436387
120949 198296 110682
388488 24804 -1
120380 275316 241425
436010 604905 333165
145551 7582 368968
33472 542708 -1
241050 3699 619489
320032 154734 531819
86905 348903 473255
268292 174322 114905
76019 249667 591166
441352 391939 405235
190758 177665 496941
508088 233280 385489
352399 162172 179094
396671 62753 136596
624515 605139 36643
179529 584808 172185
395811 18929 976
-1 -1 -1
132424 459668 29595
453112 531299 619126
115028 260407 179153
996 -1 -1
-1 -1 -1
179327 558855 161842
17325 397364 550209
270261 609275 137557
21590 422752 -1
80057 237782 49873
434623 290592 -1
317660 603496 213466
628462 602826 494637
97374 396479 262039
168014 311477 255596
10137 497610 215388
355924 236118 77516
497069 489583 573771
129857 189814 189125
121373 338299 48491
441196 102782 47019
504259 567344 348521
184303 466762 472969
14412 273328 619740
261214 374698 45908
386980 478000 501545
51577 122756 118051
460381 327764 32612
141546 -1 -1
147452 370764 301865
607173 188691 110341
306561 550901 384446
286003 412178 499114
321307 232466 591922
10501 322104 250385
574215 563860 241137
392296 441010 575975
76750 518545 521511
211125 596635 623338
452587 377019 261582
292060 191788 79092
253051 259020 96608
337037 439811 460593
462313 406243 50274
401913 50837 402466
38076 235733 145038
103817 260358 267335
594661 48769 71484
172506 607794 334431
235341 585390 274195
52173 223917 565250
38076 452311 621473
180169 -1 -1
163047 386108 329445
8033 7294 477533
333629 610605 109879
126527 298059 536919
320348 368651 491129
605174 363737 46853
226689 523218 255988
473984 -1 -1
445715 491483 69794
433363 337429 339866
483245 364753 -1
340659 172185 621036
541492 82216 245614
428035 379677 624757
283015 77654 302300
345944 -1 -1
620241 155708 249422
387239 431930 376746
158880 591763 505950
229651 276770 438699
153497 456018 427590
15600 246581 169627
101897 -1 -1
515074 138775 460154
412533 359733 248468
170234 29618 30390
447309 505146 341796
187910 -1 -1
299245 340385 -1
89504 255541 355924
89505 66132 479616
150964 162564 365973
240177 186457 136163
340604 42961 548092
436922 293450 599779
513153 384208 83917
243002 564082 440746
262626 74318 513950
259253 109626 -1
5646 55254 10733
160514 263706 605377
143702 507053 120270
560133 497857 345833
12904 387207 391196
575284 599632 435819
44523 396357 592314
390583 54184 159916
411714 333519 470514
426201 574647 138617
300288 343813 538095
4402 23629 30321
579165 90401 221559
120257 79209 465791
281635 -1 -1
86923 470263 222895
591680 180696 153039
40889 545880 88353
607121 450412 274918
250132 12353 63457
69363 -1 -1
615041 243958 94993
132484 474083 528559
516100 437544 32730
587664 50393 460502
215342 57492 306698
347481 307557 271619
577344 -1 -1
141039 154259 319919
204583 268022 228529
449869 306808 51577
624830 251018 239720
206812 37589 151093
559282 442814 68839
350965 254361 556885
125387 226425 500924
274834 608727 37829
401913 517944 78279
457937 79681 188413
340992 146147 160157
539903 51295 609782
262039 -1 -1
8728 269176 530388
226766 546675 259564
621351 471819 44272
590471 563499 7294
268292 174322 114905
30931 349756 90401
71166 -1 -1
378046 568556 63193
100757 106331 107954
976 124441 242471
443106 317887 182123
9045 534677 523779
534606 375506 525842
37297 51940 322674
346313 521100 294841
28480 439818 273922
258106 11144 175154
246687 353875 625291
593586 51940 322674
181515 271976 103964
503272 -1 -1
450984 99321 256844
334782 255088 575742
369905 382808 129857
604414 75029 107646
442545 475362 434813
290840 298935 301989
264700 542187 470073
273787 538837 32492
363207 284488 625640
217648 256319 461306
595173 455619 600269
522941 533074 157266
394530 438251 5816
114157 569554 439903
537174 577890 184949
533409 175819 58489
65105 377343 178506
17676 487808 622460
528585 172185 621036
151913 444270 179216
453680 455905 15206
272384 534206 62711
70359 37489 467233
59086 580939 603660
38506 150346 535688
628967 564799 30542
505055 63837 99034
352993 492138 572028
381380 301939 179471
548010 546285 10757
127056 135921 315876
170366 526572 396943
359255 -1 -1
64981 179221 2198
6108 11200 17775
78839 112527 110192
289753 461758 537083
251132 188366 274550
198804 438685 48373
3811 30883 290536
113340 297388 239261
63900 23120 125969
148342 180392 118587
216631 170663 317731
166080 371932 218433
546701 584808 221838
304635 535290 460889
553955 591383 347692
526945 4526 616309
616368 550565 498420
446848 2326 284291
462071 73753 216078
308246 592536 87972
433792 52668 185032
375001 602725 127668
316871 590753 80810
5138 112028 337384
79605 334071 97482
523603 517491 162269
307710 45743 369598
329404 404797 549877
46613 21280 488127
205308 431674 530114
27374 257755 68406
82 289022 415624
359293 47454 199898
230732 273446 38790
48393 39392 545621
525396 142592 165764
4629 293126 125387
554082 478135 73097
340575 304170 531472
561259 -1 -1
83316 527162 114893
560943 288324 390641
368379 537852 586305
616277 320776 503166
332267 537066 298769
83614 26857 187747
390768 97349 499808
495794 505328 595845
299119 474993 259679
401913 342822 119233
447285 115342 263031
225123 163939 420952
316697 226425 143813
50123 331375 267042
518241 323999 30807
36310 193231 286684
168418 206797 561818
486268 436611 609094
27437 45541 57797
583756 557468 520263
100813 441602 55586
343555 37374 162922
497949 228290 134582
142019 51530 50608
36264 -1 -1
306156 291996 387130
24634 28436 292451
210229 343841 517245
94431 438336 609791
454333 248565 592158
517694 45390 70551
382977 138371 577339
619832 240453 56740
128512 353348 44592
387207 504510 221713
412846 627901 48300
113039 136059 346256
447285 537700 587323
362371 -1 -1
125160 237912 -1
541398 95285 298597
167733 512280 585295
249233 69254 373667
254943 352629 135890
291638 50041 468685
127056 135921 18324
287103 206727 262419
438944 178618 31380
260485 392224 596661
483693 140308 136303
561462 368773 216670
377815 511260 395479
518044 313195 123720
137017 -1 -1
235733 127751 145038
459342 94588 438253
82120 337285 62201
445474 439062 157680
206812 353477 560221
161528 251195 151038
538505 408528 212130
178200 -1 -1
294660 217208 343606
287399 507053 20148
4498 536397 38947
229570 75465 610372
13646 116700 71870
282334 204909 413507
168265 260372 375621
318651 472858 317459
112231 125305 443033
277952 346889 280713
557387 304150 526708
6779 600762 616171
106207 120977 606037
135978 390057 501911
457905 -1 -1
14756 5137 38571
57281 64489 70527
242504 128806 388617
446446 131763 125710
49433 216532 -1
567880 578553 340532
541074 531798 455699
369222 497273 503273
306068 355221 402163
83614 582035 471378
556081 552830 414757
66231 -1 -1
18694 276597 2185
565440 13634 298987
613075 533225 39833
274251 194937 314490
238031 497273 162872
131445 119787 455853
287399 431780 20148
280881 596733 408020
512833 518950 598641
31420 -1 -1
20945 424713 157224
35975 440643 448562
453769 531540 530221
606581 456639 572028
624830 -1 -1
80853 468013 333475
73078 163954 550558
109669 42657 212809
173481 90650 249189
441814 591824 7991
624715 272343 447543
454239 45860 255036
362007 600503 299737
584681 237702 371549
5958 166516 491483
205809 268924 264401
217082 574768 183639
189557 299038 -1
192949 463505 250630
433140 590789 223521
211629 173481 125880
9955 560787 2180
369153 248443 535369
298905 42796 39897
8900 327139 274071
353192 300517 478989
552092 555348 312425
287103 602324 461586
535127 516973 193032
4194 279613 329642
171922 -1 -1
613638 11156 947
43861 390570 190227
600895 414100 377463
-1 -1 -1
430902 3905 562398
398110 576587 337478
233240 303537 359691
613925 367656 347172
332594 294078 -1
412704 55325 82550
55581 135023 352162
466268 291066 473200
152546 557024 58873
138262 16652 249890
601196 550930 577214
163328 252230 358153
273105 392340 494170
606368 66730 69309
386835 465831 459660
566483 577339 351030
2337 121846 595971
206797 561818 407819
460070 257623 62017
191788 211452 445114
217729 414167 315979
272509 413645 568171
309346 218163 -1
235214 46737 251033
363594 272343 79552
105906 480799 265228
167313 551788 102127
127611 493810 408143
258458 330167 218937
60389 277566 399498
534699 37943 470238
137075 148589 86864
577382 592411 44596
400551 489233 126439
394015 -1 -1
95285 93043 145223
101283 335122 520923
370764 -1 -1
126790 183644 65569
394294 9538 570880
574758 622593 303319
2686 328052 49873
536726 260194 620005
407514 474822 172423
449668 -1 -1
412402 536527 137118
109952 167477 317098
170676 233021 311477
216656 126510 359124
486538 50123 374058
277775 295482 421783
555431 -1 -1
154258 229246 564482
234813 425325 618802
433127 299199 533492
545995 64981 179221
355377 273105 543648
17132 110563 625640
446428 616880 -1
603280 337429 379065
186974 56709 68802
402650 45961 191188
83498 126790 616676
189884 483749 145207
556818 24341 356521
3682 629169 -1
274122 310537 -1
358279 226690 18963
574758 10195 303319
567407 574106 81059
34217 542759 538633
526338 289088 531586
487963 434344 408552
529787 402466 234669
22584 349757 354747
121093 462370 246446
302159 213517 190843
428035 242157 562689
541276 531708 363026
226088 449869 306808
473277 230924 204460
107816 176810 1683
48896 560596 519270
521629 -1 -1
145274 461528 58486
482958 536000 231299
130067 549957 171740
448815 248686 351520
522629 -1 -1
190758 496941 332608
3141 152146 88619
55531 240975 315395
579123 536374 390583
142498 573348 163636
245300 46853 218646
609321 -1 -1
390614 347728 273092
34138 471658 326359
56908 544874 134176
88619 620698 163456
556780 -1 -1
521685 593822 130920
202509 416902 -1
234308 -1 -1
113309 199787 326252
53066 334171 539691
381071 619998 17913
490207 -1 -1
302174 216631 214470
206983 146736 386098
66801 431894 26861
78023 540786 363737
219465 400244 160748
125889 -1 -1
555724 282321 216685
468223 70463 219897
386621 475297 366604
609721 569049 249855
367656 347172 389669
5138 112028 337384
622529 161890 520762
577890 184949 70125
9438 51656 113740
149195 374505 257912
623827 184838 467490
266508 445897 238195
312188 624830 44523
595054 361416 372961
212340 18329 505950
184537 444786 224899
448752 528247 108868
452815 360086 286358
177400 66508 362375
529267 325593 368552
44962 571172 443013
78839 134582 462814
514257 13529 126348
243971 476091 5742
316174 2337 242173
2742 253284 247031
71512 523603 601326
512833 518950 38825
275642 438070 393348
478264 -1 -1
398884 445986 617938
599822 108400 268720
468918 453797 207429
435173 512139 464681
152546 224836 210289
287560 339055 112231
381862 621238 407008
133382 349887 588255
575742 453519 -1
572947 134508 56122
599456 348582 38635
15726 491854 104405
345273 502727 526027
116 404611 104890
180064 568651 297111
-1 -1 -1
52324 497193 33865
286000 -1 -1
183669 -1 -1
99377 308569 542128
329637 486791 108279
33701 298252 443099
358499 487708 589663
249253 147159 340088
394273 428319 15976
235967 355625 333679
234052 -1 -1
508088 233280 385489
80095 479207 156118
77479 199002 127366
512169 391833 252765
446131 515910 3104
389430 487962 -1
481596 2650 620177
547771 511883 527936
7479 342806 22160
252039 301022 226341
590287 474083 29084
230326 300294 242092
591811 572463 196384
385489 102757 187057
21280 625435 223656
443724 349001 287084
311569 271293 584038
46605 156499 107687
405480 149537 232935
4402 23629 30321
592893 126889 174221
351086 490897 -1
387207 30956 390403
16414 8368 127994
274834 473316 579924
245550 602147 596117
399326 -1 -1
322853 209084 72046
183939 29711 377885
420392 447856 563170
462958 447480 139316
20647 584808 306180
88631 619924 144824
489065 250251 611119
480710 43861 164450
389990 288468 94494
151229 425758 117952
26346 198327 600208
606952 89302 424672
539691 326385 10914
30135 30732 185160
176971 126478 248534
141367 510848 87232
557198 249233 69068
378046 568556 185192
214056 307666 135118
191301 537117 426148
550417 210551 541935
625426 340155 627679
370890 618438 67613
11595 435423 392676
4498 429186 610020
1206 131546 176442
522738 361545 92274
333629 447782 182578
283902 421783 77189
56421 161246 453946
116 46411 4463
252230 552600 358153
358383 532468 436428
135895 23534 71103
-1 -1 -1
102924 237070 397956
105674 479442 89670
259916 589897 225016
211913 245029 141870
257908 333679 568814
311321 264515 64292
607808 445969 464778
28485 541735 339379
588266 94272 65381
621534 161246 453946
497955 216241 215581
346158 324219 258789
330315 55581 618328
248136 223786 526408
119077 144718 620949
171007 157542 212743
338324 463181 232192
169348 163943 194838
235228 318528 234813
304463 572738 528004
473277 599390 204460
541381 150291 385555
564007 521409 309845
436047 526984 361485
569148 75533 82565
99321 326708 149871
267593 417193 624284
240487 610043 394439
416646 363656 163349
59086 580939 98709
337682 84480 505055
272343 113737 420064
615041 243958 286502
376436 142256 256054
340659 534699 483727
204909 103293 416646
492138 71590 91132
328953 -1 -1
427495 467358 140863
491854 611392 59124
262962 286317 169642
617552 36643 589764
557045 39712 172325
503177 281642 199445
340305 276050 342981
214784 6491 -1
341477 605075 374505
98107 277992 323078
486918 67629 244884
185010 38793 457672
23593 590862 245433
217966 204846 -1
257115 136185 570870
405299 604666 398435
515423 42991 441451
465953 147025 229576
284327 126355 197027
530941 256447 625426
432834 277213 198311
391244 322424 86761
54632 233636 341813
563860 363656 322853
381252 305461 329637
437410 59489 222232
10434 248493 608589
80198 565542 479487
399172 526288 235744
8589 230227 467536
224400 587061 556818
324721 584342 363254
238185 439380 597368
92941 169084 465686
272343 518731 170275
227035 28485 541735
454333 72511 522743
209822 57587 101800
577221 83806 51455
-1 -1 -1
441263 323165 148864
62460 462892 -1
178226 489506 317050
48769 367494 494175
451088 208768 -1
624166 511883 527936
562080 107781 53512
229807 96172 295482
536374 267550 541141
56469 15024 287084
288798 8953 252456
217477 229858 431342
453751 400826 575284
540350 213517 625435
391897 4399 461573
104437 296428 515861
263149 145674 439380
459342 94588 438253
232971 544572 548373
478353 207889 224683
450412 274918 246021
92339 47712 -1
253051 180447 96608
207219 2666 176664
316871 381182 590753
557277 102632 545736
313857 143544 443133
526708 313668 540218
539903 419383 51295
453751 162361 400826
598510 274601 613665
186819 133501 437922
-1 -1 -1
274122 310537 505409
38947 348398 44756
105620 563418 459100
531563 103876 485789
171100 512640 538789
354568 -1 -1
455425 430800 139316
346190 231565 76994
84673 599693 426902
108407 256111 455481
610368 242105 336938
566282 341761 241028
265243 623488 533492
235214 46737 251033
26702 413093 571046
286796 472895 605034
72260 602024 69421
124938 379332 126650
223326 546950 478255
472895 404797 328357
167313 331256 394424
163097 115421 188532
400826 327613 385353
134736 136248 231537
126889 -1 -1
604371 60540 420792
610394 188366 274550
414532 26472 118120
474414 319396 334332
420629 602152 628574
595194 523978 181178
339440 469815 187732
555284 522169 555774
240163 33552 618834
256199 1413 527471
76710 494969 49929
574822 15491 6997
431592 110417 461927
433511 165159 6421
87371 178226 336852
388071 400547 256767
122508 380549 217816
468793 334346 612524
623704 374817 526023
450311 432445 580754
534824 564504 -1
402457 386524 580061
97174 420961 255985
462431 306370 344245
583184 171597 569696
90320 329845 586368
234936 467018 143922
76413 34098 143158
349974 216080 16485
620005 392340 145038
217082 574768 320773
465276 500414 139936
541492 267210 527561
257182 267979 366880
82120 139975 127668
380310 -1 -1
120892 326984 320295
138647 287084 109340
273105 567362 7793
609074 354745 349151
235214 46737 251033
441713 403720 201187
360915 380980 547530
210170 460014 131608
386491 209351 271266
379219 231041 263167
386980 570584 68752
325504 245267 -1
348125 299166 145380
521981 386459 318719
12524 3062 372895
622593 196908 333245
163523 221775 307555
159764 594374 89541
521807 274252 412491
301516 545327 286049
315876 253365 481097
311339 567540 213887
564895 92440 368
115275 214470 458463
60783 454858 10914
54930 300517 339235
294404 112737 293647
453941 201109 557601
207880 445897 625291
72412 535688 159125
110023 17774 249164
620689 47919 513300
490287 479358 363097
316912 574632 182523
29084 526700 460966
361765 28246 272327
95881 564381 213423
1500 28950 71888
206751 590847 308214
391405 306753 306561
505431 -1 -1
337762 4809 141546
175165 562259 113099
72072 475684 219925
230584 -1 -1
65681 179216 412178
114407 581400 53552
495117 313761 177033
140182 -1 -1
221591 523829 364272
114823 214506 603004
253830 524811 611738
225123 541487 174300
547247 570306 252765
88083 223480 605012
515005 -1 -1
28184 206201 -1
352860 -1 -1
230978 80057 335116
59591 119506 535779
121617 182823 75262
564390 195067 76348
-1 -1 -1
53093 78023 317530
418431 587824 298668
302406 66642 236577
411633 505974 329088
215619 37853 111651
258106 586306 11144
158830 320359 149911
437383 494025 432049
160076 322072 325043
55993 596620 615392
253354 64522 591984
58870 162213 409166
206836 -1 -1
511878 520263 509258
17325 541023 27986
179327 298698 330146
441263 368217 121871
455888 167207 551696
294702 85223 552078
399772 296523 41275
463778 18724 207596
315410 241985 86007
102906 512651 209024
563892 172908 18963
352453 341121 378289
82120 287470 574507
140458 141988 292012
56469 373300 459743
593795 132855 338377
324896 423035 25862
287527 536000 351382
428768 436456 280941
252986 566549 555316
453112 531299 595025
627288 18280 146431
334189 506106 124938
-1 -1 -1
369001 557737 120684
206608 180099 237555
71512 507439 466549
618314 455165 7942
51012 172833 71207
135583 514517 603229
24005 365091 391860
276819 24976 369363
598698 86110 -1
300403 534160 233216
559019 619362 425882
250132 12353 117930
52173 223917 469372
22552 622782 96831
8662 600435 180099
395711 158229 341461
476732 330673 84552
31192 58234 312218
159923 333703 339326
610922 -1 -1
167312 480799 444016
498365 533430 627783
248493 -1 -1
439220 308567 403298
322480 570670 330500
181549 364839 520245
568394 -1 -1
195799 194083 76016
320776 -1 -1
476300 178777 80853
450616 -1 -1
413585 353813 345236
82116 117713 329475
168214 12681 253830
490310 236130 -1
16652 14630 595814
160577 355646 143862
108407 518731 400090
124062 -1 -1
365355 195635 236079
615799 32776 62201
599817 39498 426201
104481 18724 398069
468996 555284 -1
440135 90773 535290
313195 480710 324024
327633 572463 242042
375909 170031 144525
205737 429186 546988
96747 451453 376126
123961 221029 300781
614868 12256 16117
213370 315075 437642
285040 611392 50837
626367 257155 362625
558358 -1 -1
564153 522261 3406
232103 439378 236117
507319 494637 138775
475171 470132 145777
44732 445926 625648
51940 116558 322674
617782 106596 531477
275321 478064 602927
141732 609094 626074
285420 324030 515995
548488 -1 -1
199993 417994 185192
287809 100302 445927
213069 27844 355377
138632 466688 565964
74380 336572 91618
568554 591625 -1
326260 422157 122559
492649 60783 131975
280776 268674 592069
82971 256824 195527
191508 542655 85608
213983 446232 467233
354420 235644 257714
343254 145557 516087
348125 368773 216670
145765 331375 145666
250717 353002 303667
354998 256133 229517
600598 143247 375334
301786 601711 166227
429739 428312 100302
544479 -1 -1
119504 306945 449424
134295 -1 -1
403500 555777 592998
161960 615855 618316
338324 232192 235071
239607 390952 330668
330530 513153 537968
602875 560507 550856
538814 245267 270585
474217 125511 404378
139975 118418 433656
60081 27727 126499
404846 93660 -1
56328 570223 138262
266377 331627 405456
352993 604326 17508
283633 -1 -1
528156 528137 232034
462313 510432 339326
333679 446950 11200
3404 581619 302720
595394 358389 604057
171363 5646 294312
544503 305261 273227
539765 588343 128849
34345 -1 -1
172030 542047 130269
364040 473047 531315
358435 145551 525169
452587 41983 354900
625588 159455 177530
576754 167836 217491
208785 268022 257389
312188 391405 170990
101897 286296 533422
569202 588947 392564
405687 434192 294619
99204 401891 313729
603020 493775 545360
392676 421055 594850
281317 68985 -1
25460 228003 107168
557851 296078 395750
242500 50837 502820
478064 577890 417427
394588 9853 450435
458733 578945 426824
386546 243002 564082
144555 428353 53581
286150 550769 540505
386551 447728 158636
248870 444093 51305
272270 69015 435362
99400 339866 87371
260399 502718 299737
272509 264817 607448
66000 355377 543648
445702 399852 60662
95385 146004 303240
534779 300517 396776
241512 35435 335142
215806 235784 143290
28981 96747 354112
240237 608628 255401
212060 362747 -1
544646 -1 -1
231775 311691 66115
456018 603882 502734
406411 168590 442522
560260 256824 -1
265026 488263 343975
251 170663 16906
240010 265501 444435
469835 255430 357464
32492 137212 507975
70463 219897 556078
609721 271607 216155
223755 608717 622174
456376 441451 354966
112668 100302 445927
386621 588629 391939
398884 445986 617938
299119 272218 179327
360086 170117 585331
579340 563862 545693
625426 211980 340155
103729 340189 428363
564429 418042 560417
349974 624166 16485
345944 137075 148589
462431 145557 280205
319946 208888 617770
224400 587061 149351
601512 228118 13739
340532 13634 298987
315410 86007 482491
332647 277502 428818
243561 7306 542928
599768 96903 587992
386551 511260 564725
464681 571332 296543
76710 258881 149496
218651 381115 67749
111035 310662 398310
492684 560236 49749
3404 311297 281243
552633 526144 210419
188662 90135 234652
344585 592189 163712
565779 47741 268187
38907 621600 502610
421783 189430 380389
213105 -1 -1
433639 -1 -1
172664 478749 533051
378711 503263 359867
620689 433639 377343
181515 218908 455888
158139 147119 606717
492138 328328 31420
242277 347072 321476
29903 432625 -1
71808 73657 166619
578037 331576 99725
424633 277443 173648
576916 392340 494170
84033 -1 -1
515387 485341 518267
583879 389067 107187
894 527561 602780
165861 418084 190758
602129 120983 390233
487508 213216 150443
234506 11134 169708
615421 335215 103817
625291 623691 24064
445762 269423 352412
147922 347968 582325
40378 416029 72006
330530 163420 202099
55187 279934 365852
45390 318557 199079
5137 302507 411269
411714 333519 230978
8662 330668 175819
25756 93417 560221
45078 610257 308034
301786 601711 519591
596110 178601 421578
517875 114407 595025
289044 -1 -1
280629 534245 412758
409880 176595 562643
432735 548488 267156
617490 240988 484979
56421 190758 496941
288973 552194 446770
343841 104549 527603
206465 71655 172510
500637 133922 565964
421456 -1 -1
354998 203553 277220
250101 109053 265026
440010 303503 496250
235971 295343 39270
446559 64522 254640
238832 421783 189430
163712 390583 554215
329636 230433 524749
218908 534789 472097
180553 419801 337477
352993 166553 547775
78429 63914 -1
513395 181949 241050
118135 46040 592429
106489 60081 27727
207005 398884 445986
322140 317143 64232
173285 42868 113175
610496 17424 340731
98107 113039 399852
433363 226828 337429
267777 287470 71315
461494 161227 88765
510875 311786 139943
440533 577344 461860
362371 -1 -1
101397 530941 625426
43752 411022 2365
109759 381245 176764
280205 335745 29084
450322 179083 475755
462431 94914 59564
167733 585295 16065
559063 99923 526935
55475 291812 486634
87371 336852 34300
573012 170149 207477
32612 45051 239376
172355 22487 327068
235644 114006 220957
44732 445926 625648
614086 390252 397593
84836 242121 484324
23447 37208 43342
540394 443033 484979
572952 440533 577344
391244 322424 86761
345640 106715 557032
623776 -1 -1
10118 362437 53366
491243 332008 538912
451128 605543 342789
394505 2461 246867
343411 523142 319266
377010 433127 13286
32848 464947 216634
255430 357464 51990
179996 605674 353267
320573 361882 70871
582035 501499 14630
446305 -1 -1
562259 113099 165286
298012 55550 495717
311561 451060 619614
330783 482378 142332
356503 -1 -1
255764 342981 80427
527938 254943 570880
405456 -1 -1
620241 92715 456018
559465 155328 183103
90320 183939 438699
72046 147553 554359
236387 185273 594704
618914 325593 -1
226086 131720 178618
453112 531299 68348
264291 558589 259770
12 358939 143259
90333 498952 207759
72083 310979 23593
153189 222407 -1
112705 338958 426173
125387 305751 569348
487602 235644 499571
335360 375232 68897
329717 367494 494175
94914 223693 294329
492668 77995 487189
5026 336462 120448
215404 -1 -1
564007 521409 76364
114087 445101 445474
533409 603109 115886
551683 430400 147760
482282 117765 58713
408898 -1 -1
33701 342915 578568
599435 545628 575934
305367 149496 60228
473704 273074 193403
550022 355382 287010
453769 541276 557277
162291 233453 499353
15784 288644 597076
101300 279249 286938
531236 11521 602226
9817 276597 120448
293380 377578 -1
216499 306908 307557
587507 305443 490423
4214 4399 461573
336955 487462 389246
33062 430008 607432
376867 69309 424958
310897 -1 -1
209503 620949 531880
13634 298987 428366
516167 101800 -1
453941 391244 550565
103884 235938 615836
-1 -1 -1
71269 420904 387090
398547 378289 454888
418596 178833 267138
443792 444120 537966
59919 257262 265259
503770 604414 290335
385447 274195 491973
134364 17325 490565
245766 540327 504098
264770 390127 -1
214459 248192 168634
136059 529216 184424
359507 260258 252039
375563 468996 415493
388428 130918 51370
17498 621368 -1
500898 72046 378917
264518 79451 383452
270261 332267 609275
515074 213983 446232
287895 563023 512169
456639 295823 13456
180447 15596 77612
507727 40779 118310
252986 497278 461541
38107 459481 239048
581253 623691 208718
419852 72412 336682
543521 269735 515486
376436 142019 401277
77086 604473 258905
70359 86536 37489
593925 192590 569202
238031 592189 547686
329295 39712 280998
286317 460643 214470
395841 248246 473590
292372 60239 442918
216506 335445 106205
507727 102906 40779
511004 356041 8110
265228 352012 346869
11200 394958 225199
491243 243600 19906
437346 86732 366774
189879 17079 566765
465145 581126 42049
610505 2449 247237
422342 -1 -1
261118 424120 336812
318080 357901 533305
607808 88631 464778
110417 461927 181175
59086 580939 604729
8033 521675 388428
499797 71888 226619
347951 60239 329717
185212 166919 389589
224754 527617 -1
297388 239261 283334
183608 467637 379931
247627 354834 111163
444351 121203 395355
540727 23666 516435
88431 324242 427983
220816 355618 367069
61831 61480 295755
2742 414462 58870
159571 472745 181178
434631 84545 29237
624516 295768 352442
553420 311339 213887
323080 51951 569739
69171 483687 522748
86612 -1 -1
477155 153048 609267
564299 4214 89400
508640 282117 176764
25756 563499 104559
422354 323505 456434
6041 217031 357000
173761 355722 196525
159115 365165 287084
88905 625414 17754
46613 418018 388553
471890 322939 248394
441814 591824 53278
8589 441206 249253
335890 154927 423996
302174 198296 233705
174296 421323 66319
68127 38550 1567
56949 185770 67140
382836 465885 571373
581687 -1 -1
456400 229853 446997
337762 465145 194058
87134 134253 621666
576167 481512 64106
565661 582902 262267
515387 485341 497575
86251 22173 146465
532849 194351 546834
242712 383349 562953
21689 495783 304113
393854 469971 508517
122508 558645 217816
594661 428838 560236
278761 508248 225199
257154 48051 120253
528585 557005 364442
173002 -1 -1
220607 615504 518309
317098 599989 335491
185192 -1 -1
279249 23225 7528
341121 189137 351382
419269 251748 47091
446768 313465 497060
377681 196117 91847
75465 199079 181263
248000 -1 -1
560771 74331 -1
342619 43760 49050
362713 122508 142871
460161 402576 49126
267210 487252 259889
85458 120659 126408
362908 541911 400390
34817 363453 5137
582678 351729 191564
319523 467919 -1
460381 203036 371699
624906 461093 296119
322853 209084 608545
209742 229714 374508
18255 574518 579438
170676 233021 311477
303644 466688 618123
230515 -1 -1
348317 349774 88016
131277 578558 338955
283366 236118 14961
549989 434696 187303
329295 170275 12962
311035 132852 298531
425088 48138 344087
382675 433980 604431
433381 574690 87785
419852 251385 264291
619768 177178 40287
246554 147667 58054
526708 540218 607353
260485 392224 47063
445396 114006 58302
195040 -1 -1
236532 29055 575170
3101 352314 512827
58232 94246 79561
213423 437406 136947
608727 114871 327840
273686 -1 -1
507046 614417 190481
589764 467919 446566
122756 378256 110026
537852 104143 335360
592748 349619 525131
321780 17875 480799
22421 386853 416914
525643 316382 395965
490515 66323 -1
96732 534699 37943
86887 309471 369171
481743 547266 475211
233073 229537 508315
6108 86923 470263
256522 395128 280299
290863 610559 471719
379506 401277 199061
367160 374815 163817
-1 -1 -1
544860 181263 88845
11049 80619 -1
433792 403276 196296
584808 237356 212464
357676 314743 77612
259020 177024 613861
144961 214941 520245
262962 422775 479675
115507 127620 163824
609721 508315 424701
575975 393854 104695
493162 569362 -1
504440 570586 10472
343841 382210 -1
190287 626181 507616
115840 357543 498046
66801 431894 26861
545856 307168 599405
305351 132294 568651
69015 529860 403500
369905 528489 -1
189891 624516 352442
601512 571292 169617
147599 285108 558721
510329 122755 501324
422839 92114 484990
521652 478264 575851
207889 286317 143861
252336 583184 605674
495968 196117 339156
438463 390009 58528
159077 244097 46613
61483 557024 303533
30807 21023 467238
468696 89887 167048
529267 233576 628462
289088 531586 458222
489506 95167 131678
363540 106859 -1
284514 297080 603735
205867 57267 303099
237959 115827 221730
105674 50521 559465
602023 263159 538903
518534 421947 110094
396701 451429 -1
85462 244816 216592
9955 560787 465145
256059 454239 246792
441196 388238 255988
294404 393593 331014
615688 201126 389092
293279 424924 323646
360539 -1 -1
268022 316382 108868
547247 400213 473710
526336 48898 42229
562784 149862 537241
40378 416029 436010
294578 443033 602826
628088 154122 222966
42796 545166 405687
21523 29397 -1
561953 -1 -1
43760 593001 337014
214459 404797 473901
237912 361809 -1
47528 240374 4213
444615 275153 402466
372037 551451 331375
346546 298012 536005
16065 228451 546631
41832 517056 98608
316914 122312 78388
138824 92413 294887
123825 593857 274195
46181 339139 433556
588343 493925 224434
151913 495924 444270
512174 56950 142031
164630 354078 457138
348317 80708 293868
496723 57292 107095
108056 -1 -1
162648 90257 144201
488694 557468 393872
412846 16065 48300
565440 53139 463202
435173 83571 141733
12353 475211 369149
26702 38174 249176
62655 497763 207338
171114 161528 207549
252986 304940 13582
607353 353192 478989
305662 50123 20977
331386 599700 96608
184132 619038 610296
318846 69254 12954
473316 526945 616309
394505 117603 64522
108840 554993 614535
183608 390583 80112
104143 479442 434598
569348 244235 363367
516087 418909 304256
337709 98398 138520
23225 101300 71166
590471 123504 154402
82526 128250 463753
437998 147975 331703
539564 472123 203553
260214 231775 346190
311619 176442 366880
605724 277200 135023
42796 285490 296073
231986 -1 -1
528585 149104 400472
129810 456434 219701
322245 326984 320295
615421 335215 179083
170946 196525 -1
82 414687 172541
121613 521382 228118
557277 259020 177024
467863 461171 314858
469835 129857 189814
85858 278987 287078
152856 43331 316425
276981 192344 280850
406756 483727 183270
417539 18019 27475
152120 546125 473945
258320 307168 553645
87046 178810 256656
312188 411269 558841
607602 505974 332640
149526 291824 122997
410499 476282 601005
122997 -1 -1
292713 -1 -1
619419 305062 80732
-1 -1 -1
580284 341024 72151
607448 215342 72046
74315 171273 518241
145318 99114 72743
512908 11270 405480
31695 573071 517944
418391 182324 126823
159764 238327 47741
275727 76692 168679
446446 345291 163389
34988 43760 91447
427495 160859 320533
281149 429080 -1
172355 354745 80753
535240 194406 -1
624996 305062 426165
350937 -1 -1
34419 437924 219925
481596 185010 38793
400374 399436 390614
276965 278318 132709
36536 367656 -1
627664 355285 249781
9853 396701 142609
138632 86864 475323
284327 197027 420392
384094 102561 499287
48393 83803 25666
602843 329883 530838
230924 251613 426824
549740 60717 500860
170694 446719 30185
148342 180392 118587
581304 447543 549646
597274 511318 218327
230765 1795 207662
274251 77189 293003
295879 394992 239119
315410 86007 537966
625332 566630 -1
181520 182031 266296
9504 465 308529
465276 283130 280396
611243 168586 605922
476218 122725 369905
393504 62307 342059
274834 563341 317731
195014 -1 -1
18385 60081 213105
369153 51595 525396
367911 143638 170117
305845 76282 565852
64126 578945 95709
338968 580873 605916
351315 444437 155363
184303 466762 472969
234160 55157 610316
337014 245632 574084
31813 210223 3699
514272 281457 53066
434623 431592 1597
536023 171538 400968
559282 356681 329815
386240 476166 480168
126889 182933 525857
479096 118076 76329
621534 2781 6806
439220 514445 239469
572528 577663 556585
34138 471658 562689
547503 554668 112231
82120 337285 62201
517694 70551 15600
562983 9857 171964
388688 567252 -1
456 118641 490601
474127 52173 512801
12665 168265 213935
5911 -1 -1
-1 -1 -1
437383 494025 91916
227502 -1 -1
332647 277502 139248
43760 221867 392961
113309 188682 173312
385375 3662 269989
625176 126439 199898
615466 70478 360294
579452 104248 315855
257714 244114 162652
39897 139830 311624
28950 163954 550558
527152 84970 248948
261582 571442 228178
8320 15784 397869
121373 123172 200790
340012 7747 -1
99263 392620 505722
162564 365973 347722
214554 124872 401857
605784 310979 69754
10501 624515 52526
520512 179529 364664
257154 364376 -1
621534 327505 104702
533934 613075 443009
337621 277706 342702
359507 585453 188935
9955 560787 2180
179529 258102 587068
120257 465791 569337
374058 313521 -1
211913 352326 14756
249824 579399 303712
444764 479675 262036
14412 273328 259615
595054 361416 372961
518044 345640 574640
309678 234998 170473
-1 -1 -1
534245 159125 363540
354834 167478 285109
215663 328451 48727
398944 171298 70568
431651 153907 154811
257935 8273 -1
443776 124310 423711
378046 568556 402658
502245 12705 69700
481591 167241 603914
185139 137299 318080
533409 603109 115886
545166 327633 495968
464020 542930 17542
163817 -1 -1
509690 537917 46455
349974 16485 459070
586306 44592 132209
442269 510875 356511
595410 519270 32034
818 -1 -1
593006 73532 317408
587038 519687 419453
100627 530202 185950
31695 357304 560236
552092 555348 308127
135161 -1 -1
587701 360915 380980
237772 -1 -1
442976 569202 343411
573149 170072 254640
40481 404479 609510
378052 332640 245614
456284 52922 417417
67941 526717 557477
76534 104765 238401
482282 64522 117765
606581 271153 481596
374766 445474 463044
418286 573958 373713
136303 -1 -1
445396 215257 -1
465231 493708 190278
8266 248000 18491
394424 591016 424924
168418 498420 239842
324944 445883 138046
249471 247795 377833
53258 259759 33676
303270 68348 55091
479370 -1 -1
528376 302300 105844
554790 574507 170234
45163 72072 83588
209158 176831 210047
322072 325043 166828
41744 15749 -1
627288 146431 333810
589809 559826 429537
147729 342806 44352
144046 304697 304465
431592 443033 602826
254658 209528 411901
490906 31053 -1
449909 136572 414687
346242 391168 -1
331576 523978 136063
311786 437922 133770
324896 383773 37522
340250 621187 251338
55993 144961 615392
210229 175819 294702
588619 393845 93360
566765 154014 92715
179083 5181 232133
163047 386108 329445
305062 464827 424976
265986 520817 141988
376436 142019 138530
213681 536636 533882
374979 493479 -1
73532 391163 406971
603003 -1 -1
76501 423996 90905
574522 449114 545175
345839 288644 597076
216080 244945 600526
215663 465145 397734
332647 277502 315395
607173 188691 63070
381647 423701 188743
480617 345161 122630
56632 339760 300284
587664 578317 531798
253354 572028 530388
613999 626272 85753
567407 57580 131264
115028 260407 112668
512948 343328 35267
143247 166733 597449
519389 576851 446133
456376 561682 2542
316759 352478 362788
508780 135890 183583
89541 587193 117829
16065 -1 -1
420888 617687 573369
378071 475472 599390
545502 523606 66320
9744 51161 371304
56469 167478 285109
267210 492138 520817
391405 335071 146829
395399 377770 612112
615688 216602 138833
343872 478371 141870
202382 -1 -1
522261 153907 331014
98370 577339 351030
355461 434178 461860
162033 -1 -1
373247 433957 381617
18385 8953 213105
26783 83798 55566
393504 62307 342059
549814 386459 251777
454152 417417 -1
172185 621036 7582
20938 32061 33277
49173 306370 344245
397643 397036 -1
60800 86719 212340
41373 512802 602316
242742 221246 622047
189103 369171 60800
463044 376972 458542
335200 141011 -1
267050 542493 529253
103729 95726 295482
7479 453155 160296
228451 563620 409971
516087 243505 450997
-1 -1 -1
267822 134402 104702
411714 333519 455632
106489 524475 84230
603166 304550 374354
202184 112503 231102
508852 450311 2551
80853 227234 -1
557005 66268 264719
611481 371549 491757
493752 472202 344057
576167 592748 569796
225199 426202 -1
100223 235816 608699
78125 151098 586093
189884 577382 12129
10466 566765 541514
334743 145656 84995
384059 271308 187707
18642 617422 473526
215663 420853 490423
155032 -1 -1
539765 537131 249883
166080 371932 218433
526717 50028 165769
265430 56204 174138
102906 504128 383156
437346 17456 -1
148582 559424 537018
335740 -1 -1
587641 166316 183585
499566 295482 122083
109053 444093 501223
237959 398884 115827
623087 160575 237052
57135 49461 213005
39488 325266 482901
150785 181971 490475
358609 586082 392631
526965 61831 51012
168214 489240 -1
481038 269402 568394
258516 359712 107244
480748 -1 -1
441348 614931 395867
13646 116700 522439
8677 72824 440693
617084 114684 362684
627383 232915 98107
478064 442054 293872
342733 624359 78727
129810 484707 175137
113756 575942 87371
9768 438332 225938
243892 273732 537832
300288 386980 207759
300346 499797 226619
349719 89285 256968
207787 251 282639
53258 259759 44609
97349 499808 155708
165971 112737 306136
580061 15784 154949
87046 178810 256656
385489 102757 187057
434035 484979 177468
252039 418047 301022
380386 -1 -1
289088 531586 458222
373943 -1 -1
345944 74907 75721
246981 613785 120888
470514 278405 417193
533934 549989 187303
260329 -1 -1
267777 194865 543843
106596 355688 373064
577221 165971 498711
566630 503248 399371
391897 145350 184686
177665 348540 513663
13932 583431 31411
236532 541369 358574
248764 602049 329107
41293 479818 -1
48944 10757 242130
179327 20892 524942
256893 279584 265088
129398 328751 441839
441263 368059 -1
293498 296073 39770
540908 167735 326102
308766 -1 -1
449214 72939 114823
277992 214470 458463
438463 216753 561754
292547 518470 102784
411787 474832 114485
390583 542685 80112
271806 -1 -1
353885 65105 42974
334189 302740 -1
337874 249253 77907
77692 -1 -1
111581 351804 345104
447335 620040 245614
350118 558171 361068
179890 487401 456072
271995 207968 546258
557387 304150 592160
440010 303503 496250
338260 182972 263417
342982 7231 -1
22552 622782 96831
22421 255430 386853
627383 165861 56328
478302 73751 25029
79605 470514 278405
286684 304225 475211
317098 609951 468682
41722 102684 300857
564587 490201 -1
26857 390104 469904
176971 329295 248534
82 235835 592868
45539 233769 343773
260485 311619 362371
538900 280985 7528
158139 606717 214506
5181 232133 149526
446119 211197 27356
168265 104559 62505
578503 337762 533713
59309 59546 149871
583335 45907 58158
349974 16485 490287
603129 -1 -1
428818 12626 587323
174148 275642 51697
479442 434598 491686
366110 12904 294276
86923 314250 288996
338327 304635 224521
212903 302720 168634
499566 217031 357000
58302 605941 563400
514272 281457 98501
222538 311339 213887
615870 520244 93608
64981 572528 577663
295755 453669 357141
170520 221730 565532
503230 492987 -1
33733 -1 -1
406275 516436 329919
253365 481097 108986
621187 175322 404996
366880 399852 517628
-1 -1 -1
115275 224032 406814
520512 179529 363221
265026 42868 488263
487761 551146 8359
46624 73632 222801
234065 389157 196175
524810 442101 63473
226828 212989 335383
349638 346190 49521
80095 66268 454123
3101 352314 512827
525089 80057 237782
570140 18324 19049
132903 224298 48888
434813 142592 193545
165159 599603 230515
98435 54491 407531
614855 230802 -1
627398 290863 521411
163954 550558 55152
487463 363323 133705
383744 391104 546988
445383 337139 623389
255669 466268 26133
66132 369993 628914
502286 62339 268720
71888 152141 141408
108407 574106 81059
187732 382301 39284
436456 275153 493479
479487 523377 422980
400390 81470 360034
35804 259916 6997
315250 165596 515889
480710 599373 54039
333810 308034 244401
235816 608699 313857
314805 39897 464460
169372 248642 97264
559063 251182 834
97925 409376 242364
532927 487761 18703
255088 556530 505103
23885 491668 176231
549434 663 271869
445396 226088 599390
370890 -1 -1
22596 5351 534833
44523 346747 113970
134686 118909 403634
210168 10010 407992
531540 530221 97868
443436 554395 344530
181515 311063 548212
521675 8728 405025
318528 490423 47301
617552 511260 178833
31813 -1 -1
337014 516467 34212
196888 91327 308429
195527 230360 248707
66801 431894 26861
394530 625391 109853
408255 251 16906
78125 520153 463405
162480 105928 149636
133501 151105 91294
412987 412543 62460
542413 220607 615504
295217 414462 513149
395885 600860 399948
362713 122508 165178
379065 428187 374698
123504 111295 499658
307447 626367 288662
313761 149710 369535
608545 334983 240022
76019 565229 101717
291066 408536 210740
543843 482378 205208
453751 447482 248246
207334 240612 219465
518732 609721 570946
224821 538633 428458
321780 378917 -1
330530 542128 483749
80584 582248 542095
626678 110281 325131
131763 130423 513009
211125 51455 440557
172355 16414 8368
316021 318836 108381
157550 -1 -1
223862 287399 -1
613075 443009 36866
416682 305158 532697
268001 625576 294760
81018 16652 474186
68770 138215 200523
191788 480710 142430
224167 15784 474934
68995 296027 210175
443106 328165 374766
377721 361074 408277
276981 239082 192344
170366 165706 540271
84623 542413 3627
550901 -1 -1
53395 137792 579023
-1 -1 -1
179966 75808 401913
485789 42867 209103
129552 22060 130175
607121 162962 126823
382836 7006 -1
517413 82317 -1
10466 83316 114893
314250 288996 290254
598397 560976 427135
59212 165832 611802
542915 364664 480224
456049 457044 206797
375521 427215 412966
104702 514142 446528
7287 216499 38107
475234 94160 624415
351042 311297 425523
102911 190164 88409
60921 131562 540327
354339 101020 142135
223755 608717 622174
361041 432706 292080
144666 218327 243187
579165 363594 554542
235733 145038 323761
478124 7942 544460
501082 583159 344497
16065 63728 62316
170663 346747 317731
46518 168994 109329
435173 265501 427432
148115 255020 181188
46613 489625 124777
331386 322480 11581
384094 295820 55475
566483 594374 9474
410907 12524 3062
516436 165706 344497
107818 209011 368441
144418 383714 362684
352206 361132 159283
181570 173627 385495
133453 579419 50393
260329 368831 181554
177393 401987 989
574670 532972 459738
390114 222344 24427
574507 287909 552001
337634 53395 137792
407819 70844 -1
274618 -1 -1
463106 170682 625640
525643 395965 107779
376862 368619 226760
314768 -1 -1
229714 28480 171100
95385 303240 555017
566483 599 257714
322853 114053 209084
358939 193169 590534
431651 576143 153907
295879 394992 65105
127006 324218 388857
10118 254690 291782
450455 572528 77654
237237 426824 223541
21689 304113 397972
209934 564381 379931
60578 308296 582678
529860 181520 171567
386669 578452 60788
123129 287560 442821
610043 128654 154165
425586 -1 -1
77995 595515 537419
167198 483270 601889
172353 575742 382977
94431 541024 153533
358630 277324 556009
407008 324721 54039
284384 190211 333132
292645 347951 365331
320288 479442 434598
567312 -1 -1
68316 185800 83669
57525 275321 15784
199750 -1 -1
474934 585817 592516
53366 79209 4809
585237 -1 -1
584625 468024 12532
195799 456830 442966
947 22452 5061
360354 502385 27122
537174 116925 226918
244097 625435 605674
43891 124136 232811
130920 15492 518462
498365 18849 34390
213370 421640 18376
256029 302780 289245
590287 294192 534074
181515 248493 271976
433197 -1 -1
213068 386269 460874
213935 166764 174296
173761 310213 376727
235733 145038 323761
469904 405815 628188
157845 298776 281522
235214 72339 46737
222333 356681 217496
55993 615392 241389
346820 278311 336733
372144 -1 -1
47341 -1 -1
256893 566282 210289
560870 467863 249359
174719 467154 612928
65681 467154 612928
265772 300471 254017
380549 91219 615705
75465 262952 324630
365355 -1 -1
9744 30185 346248
30423 213517 574556
380957 229159 467523
282593 385703 592868
349001 100422 189071
240177 186457 136163
529994 499400 51343
603020 493775 545360
429739 393479 417220
205841 121285 -1
554434 464220 509340
139745 357348 361007
258824 361993 248510
80751 557427 455888
-1 -1 -1
507727 264395 387090
322332 57258 80956
231775 352162 569242
286713 577450 537307
295482 445883 436952
101300 279249 286938
114220 311114 176209
474993 259679 145124
446119 283925 288681
22665 -1 -1
515910 58489 432735
518608 567407 199261
612428 547778 465322
112668 563862 545693
179529 146362 232466
156397 177033 80505
565779 214459 248631
343841 95534 369269
213828 541839 378129
376746 450322 20041
574690 621863 348678
282524 223871 338377
342038 131778 -1
434623 282401 257154
493810 559014 587006
6107 231041 243270
152856 165691 43331
589077 109899 309137
527152 84970 248948
212340 568651 32776
607173 188691 110341
255088 154014 298133
125901 414082 38495
83614 182933 525857
295482 512614 234619
608178 593795 132855
512816 234388 334180
341761 463104 257806
517739 418354 116909
59919 220900 114157
467490 450311 279934
14756 557526 47718
211452 445114 511260
126478 348540 484156
574812 485119 624415
16065 559961 339826
160577 143544 355646
251634 516311 144070
554468 313705 226939
103018 512139 405480
570792 600895 231986
385331 448096 607353
271414 53920 47478
219897 181520 226341
184720 135884 550565
512174 56950 464440
109306 557339 306094
51087 99140 397956
598640 51530 135058
209503 27137 54930
287909 136142 406944
321293 527759 597425
126425 588603 327285
149862 344296 143247
389891 518456 22160
258106 11144 54930
24543 343007 378965
496541 599092 202343
30173 474492 149745
330530 492138 104786
596938 149233 509977
39392 -1 -1
250132 12353 153093
568663 28214 87000
592160 492649 62155
178618 -1 -1
288324 390641 330167
184537 381690 444786
78125 145077 217928
610798 45723 -1
483245 236525 182686
581317 234065 389157
130236 445555 182523
476127 429186 397172
459342 171363 94588
10434 582035 248493
490287 374492 488586
312188 245924 429335
545175 428327 205038
177767 391980 553568
563862 545693 488586
606143 41469 175171
107818 209011 378711
11019 -1 -1
245632 135978 317131
235230 369269 315856
168265 534677 322577
580937 338958 122559
25280 354420 170822
355618 458777 260677
433653 -1 -1
213370 358939 467382
122113 332544 511312
623939 403544 413915
13582 47019 307948
395965 387280 19196
100750 106443 454019
359823 -1 -1
599 125889 99879
126081 577480 313291
256059 246792 416049
625830 238965 169858
441348 614931 298703
83806 269474 51455
433589 533676 545652
203976 434223 480044
161246 453946 542047
437383 341616 23343
203976 434223 480044
4629 383744 235967
294404 377042 193045
286796 215179 438193
4194 279613 33172
38825 602013 390914
155911 426412 31276
533004 529860 352326
577890 184949 574822
555821 77588 367494
57441 536636 533882
426824 447309 94497
321307 338260 463505
58118 503696 318934
560359 602114 216574
484977 617861 589460
88739 305170 351489
391134 557605 4301
95285 604057 51096
83620 335690 569009
607808 464778 607026
59951 398098 530381
428863 474201 280132
121617 182823 577890
592078 205737 -1
264291 558589 259770
294438 113373 291537
217297 107619 -1
498280 474934 184836
396200 463558 496147
481038 269402 87978
306094 190226 211671
340532 225606 417043
4526 163987 452054
173797 629513 90257
214920 336295 -1
431674 515995 68855
125889 109262 615609
619924 73907 231510
28950 440052 327442
492649 304161 60783
210551 541935 432826
548010 434388 134582
226828 513861 73441
146721 -1 -1
412533 254671 143290
282334 406751 67130
505663 483961 620922
150088 224979 339139
127413 -1 -1
347728 580939 570475
159125 166970 164352
66508 362375 347173
625414 162213 409166
22552 536023 622782
605907 257115 105425
539765 226766 86923
99725 509800 555431
345065 455632 161355
521685 265670 205668
124310 15492 241553
400551 307889 489233
379248 624652 34817
164995 584625 468024
286239 322240 411787
66000 438956 594476
52572 480710 352629
578297 174334 168550
162507 569202 598276
87933 507106 622659
563928 277824 226313
497242 446950 138262
336744 253694 98388
445934 597108 184284
514658 37829 329601
149746 609965 619195
511260 44147 -1
206983 132294 146736
134785 344530 299409
622593 356297 146004
555284 313988 424909
23212 65047 -1
13145 610580 317178
547771 327068 554669
527162 225740 213681
19705 249444 48051
118331 10757 254286
102926 5646 240482
226341 217220 469163
26041 572434 436482
434178 28184 291931
621534 2781 6806
412846 311619 405480
291105 9488 448493
422046 138859 301912
41158 173793 -1
311339 525643 213887
589257 592691 284218
246230 607741 448002
528376 17132 110563
156238 76774 357527
146004 69735 213134
329883 560146 223317
422775 224436 507688
118691 514176 258192
213520 -1 -1
553982 126106 43023
301477 339553 203976
440595 67159 446221
320288 292060 394294
336318 324004 341046
601571 -1 -1
212885 83041 282311
476162 436551 460474
17325 549814 564429
503230 -1 -1
240163 213828 541839
624855 373172 619096
330315 55581 618328
403811 336060 259722
362468 229159 603408
65681 531819 554937
390935 -1 -1
9474 56328 122997
53139 463202 423699
536160 426218 235228
255764 626378 533032
413821 356439 44110
77799 574464 177886
65105 -1 -1
5138 112028 337384
153868 425087 365655
278485 511960 120977
399646 339326 45820
535688 174334 576799
513256 -1 -1
138530 473269 603990
13504 -1 -1
278987 -1 -1
78279 549216 238655
574753 498844 391577
-1 -1 -1
445721 170984 266258
158229 426459 478430
503250 616211 252935
23719 120881 549000
14412 627079 273328
438722 109491 146544
587801 126527 462431
110094 295347 355900
478302 318651 528833
208785 485460 301989
577217 415850 269980
63123 349619 294404
288644 597076 442984
207312 382248 64177
9499 169373 -1
184720 300280 625241
587507 593795 132855
223426 76171 474127
512126 457937 626478
611831 228653 277894
325871 476969 69793
246687 627398 290863
127751 396979 54623
271293 587259 423486
178200 -1 -1
340484 27819 209462
481226 172390 271995
239607 28432 446710
377010 433127 13286
219420 379736 628088
575777 286317 601623
270323 311633 228276
499566 374909 553955
120334 221429 461093
613689 -1 -1
433653 111163 44133
90933 -1 -1
282593 385703 92274
21110 207312 525895
587507 235230 315856
443652 621600 453484
582035 363221 443832
70911 -1 -1
477516 188366 274550
534699 452831 37943
350874 599876 249965
565786 522802 585440
172030 285304 370120
10733 13739 310600
111143 237492 400998
117829 118641 44962
312185 9832 2448
607353 476906 628133
356577 265059 269274
448815 351520 586556
407514 28485 541735
128920 314592 619415
-1 -1 -1
104120 452985 405342
459067 66657 191055
337709 223541 507171
170682 64522 274087
95881 566601 263485
466688 71023 213983
274022 121414 377463
537966 52668 56908
475725 71152 285606
72260 98438 30883
613689 11342 607794
581720 314145 36464
525499 426580 4010
485119 624415 625640
604482 55652 591589
438463 609267 304256
406835 57820 205682
601571 502390 471123
578037 99725 9488
-1 -1 -1
339323 285280 390829
252775 387207 255669
386551 158636 433729
424281 136748 85382
282334 314592 387662
450907 69421 511501
4010 612194 374817
221775 541541 567362
359293 433381 318157
118920 447790 110108
265986 320573 138632
60783 454858 10914
428363 58731 288468
293527 142879 411066
602875 504098 23719
335493 572528 577663
524810 380649 92274
362391 310949 596427
315250 178601 330425
-1 -1 -1
290963 305011 380985
27007 261090 28450
524728 1928 506592
443198 576153 331191
119077 381349 162362
525131 325826 115879
390201 177509 339745
382836 577339 446305
526408 283482 121009
563921 69735 429360
459048 242742 221246
209742 649 512817
380957 605543 342789
88914 34300 489676
546253 200790 270636
338327 242716 253690
589077 287809 309137
77654 226674 43890
253365 481097 331612
13739 430330 380649
556564 346747 51996
131763 88619 620698
314858 103203 505619
15600 169627 258192
122113 169649 42134
148342 453981 148441
445477 -1 -1
418569 180546 553613
8033 429793 4395
618314 7942 297628
168590 99045 -1
161015 201301 624366
340250 73632 -1
9474 428231 432094
133766 56740 368
617562 400932 456554
80820 305224 566064
162361 194865 -1
225954 374154 323999
583034 167593 320776
214956 177444 51152
336318 341046 469815
582248 606581 99560
2332 3627 556154
83614 187747 385447
24910 484156 179260
309883 507392 3422
293174 64126 393225
480710 12532 243525
100157 101359 117881
88997 105906 480799
293257 273105 102906
450455 300857 158512
86864 475323 395603
7287 57719 -1
271291 94382 340921
548442 306507 292689
356297 603617 594177
456 75180 292060
115275 397593 427605
520244 205484 206751
40985 395771 519977
388650 167361 84108
7486 495827 590278
580061 97374 351456
366611 511989 435010
367322 511878 245085
317887 306156 291996
445555 44103 481776
456639 366549 435530
71429 459627 379471
303674 302447 519346
543958 600407 103238
355924 547909 538633
98388 343975 -1
583237 311200 360518
15976 87785 238655
259916 577511 260031
121373 435685 441498
249851 579357 221392
540350 53395 303853
278838 72858 68794
294475 320312 -1
394505 554426 38511
248493 17132 110563
123557 301085 286453
339063 65942 161311
72260 602024 602877
27819 298319 422681
400737 -1 -1
76750 551683 598281
235636 242966 616256
398110 396671 468996
624515 211913 605139
436551 460474 199898
8525 560417 628665
386085 -1 -1
339440 57135 336285
13437 7231 5278
268124 375388 245029
606004 67338 384003
200310 104945 358238
-1 -1 -1
606581 319532 314768
184720 300280 324478
438332 80584 560013
342088 37836 423150
105725 433729 310990
355353 -1 -1
188862 437216 114440
259495 -1 -1
52173 263417 416036
442269 445969 356511
417516 282441 498255
62728 320229 98388
148115 396200 123557
497955 392296 441010
490988 521878 39683
371323 78023 553711
391244 322424 86761
259381 144283 107548
44286 269980 -1
442984 106929 98533
471960 555712 395711
270167 4857 381531
132755 108821 104471
383279 354811 424120
7678 225017 489122
230802 111581 351804
16113 106664 2882
31192 58234 312218
256553 513446 561818
577382 592411 44596
523082 201126 278954
592389 185192 -1
90935 -1 -1
287560 255430 220480
329637 16527 123
453112 531299 105906
294855 563559 -1
277894 -1 -1
13504 126702 497955
162507 519087 179817
426843 663 404020
282117 509288 325973
418286 92715 471595
2481 596533 571573
10466 164763 154894
368524 492103 186454
579037 274071 583538
88619 620698 163456
219701 203600 411839
445721 487602 499571
215404 -1 -1
277864 374909 17498
582173 54986 158383
208298 289286 419361
516311 621368 498701
574758 602875 256419
114162 424713 133453
443033 602826 515449
592893 174221 235223
538633 482831 307633
383773 357599 532149
347728 553321 605483
582035 209675 480059
542581 252908 532043
322853 293348 132059
586715 31420 387414
75721 560632 467603
312391 10118 554468
38174 249176 167289
317887 182123 534487
156499 230433 393676
614389 372219 86011
92825 12221 130205
521411 87785 133705
562953 109083 147206
279845 154586 338138
318 183947 411122
245766 394424 114162
188662 52904 287151
166080 57281 371932
445866 112668 248856
292645 200700 519917
288092 382808 433507
66132 572160 484707
158660 228364 517577
108840 554993 614535
69171 234723 381970
143377 76710 494969
280881 596733 440042
625678 376862 368619
587664 212903 75828
422775 243246 464663
296910 106205 445383
320602 334782 256059
376746 20041 241177
479438 573067 477730
374766 516364 241895
12056 471146 629750
272509 568171 -1
168590 560771 315529
161960 615855 618316
27071 498626 -1
594177 404118 615826
224270 230087 439974
230087 439974 81470
355924 547909 70951
76751 429269 493775
217477 7152 80732
522261 34985 520263
346473 425088 48138
478710 67159 33475
415726 362097 303572
367656 232295 347172
586368 120949 497278
425758 -1 -1
85258 192413 222012
242121 246867 571442
603869 50361 -1
176744 498844 554554
380667 388321 483658
462958 599768 447480
446415 454482 246584
379425 565852 520244
211913 491973 47017
256059 246792 416049
238185 597368 133983
708 6196 236347
133382 126672 174630
80382 -1 -1
550797 436551 212903
16652 -1 -1
41516 170275 608246
433159 305715 566799
508852 244225 -1
570475 68226 17431
221247 403437 535688
65105 73532 372960
164088 140882 261498
579165 129971 594286
238440 312319 146721
193216 170366 526572
339221 177870 2787
86003 465145 457610
259487 175165 200310
287560 220480 476655
171032 276597 629564
414335 384486 492875
256147 578981 336944
374154 323999 290772
68746 472234 22200
394294 188862 437216
189879 17079 45331
442976 157027 578962
245766 11812 540229
307485 155315 81155
90633 604781 228118
198296 161021 294404
120807 4029 289448
439220 92402 381531
8130 399618 418730
6957 606228 272029
508974 271811 484580
336682 447815 381864
575934 537917 24933
117414 604297 256248
552092 555348 505974
374412 378991 621187
368619 345997 -1
41343 389441 1902
264291 540327 610039
95881 440461 621592
187369 603016 506453
478534 490747 212587
273824 514520 56472
572528 577663 553955
582035 215529 231299
309678 627664 355285
306068 70762 9832
145372 521981 246583
355377 473269 543273
340992 420888 617687
459660 176744 10392
535386 557831 392564
411714 333519 587701
298159 -1 -1
562784 504477 305396
615114 283273 -1
163300 461964 483803
464020 81155 110117
57525 504325 553955
308429 -1 -1
494581 -1 -1
74726 -1 -1
398790 19047 49610
9154 9955 487265
237070 173002 353060
362908 541911 3771
171363 558841 182456
165691 86078 79839
339440 441766 64232
517739 76774 2111
391405 146829 473984
469149 473801 45872
37181 233791 513149
596309 297417 102399
181572 272677 72240
433298 153189 26635
593001 126510 560284
173002 -1 -1
35975 440643 448562
117881 416646 163349
94914 582262 588839
453155 142650 339110
352220 368763 373963
365037 567620 34988
92825 243600 206812
404668 182817 349658
313729 556888 125269
348125 221029 512126
60389 153048 609267
374544 -1 -1
233705 544503 305261
33676 259618 132965
247615 46737 431565
156397 72260 602024
362030 518365 151013
580590 380985 369363
610505 253808 381245
551866 434695 131678
131562 221421 20977
453769 54322 553048
126355 106964 579340
103510 358569 572028
324794 78616 -1
486918 67629 244884
380985 393674 258355
577214 230954 560978
281642 199445 542632
140863 13902 447088
549434 476282 82116
162507 399618 88867
468326 214396 82317
8728 269176 135626
319733 236577 -1
581436 613999 306862
529787 304161 552979
572399 -1 -1
208520 581297 505232
269055 378550 558721
170366 440533 577344
517478 129570 400547
18255 574518 579438
569155 549496 370592
553541 64817 161355
266240 245497 450010
584290 412709 473082
123564 554554 573149
599373 457577 481783
494574 152077 -1
238655 51152 -1
313223 309843 232433
80096 625830 113458
247930 356301 478063
75980 435150 586228
505521 308475 183730
273950 5917 509458
107802 114162 382279
482823 510397 185144
158010 36736 50856
116 184838 181394
317098 468682 221516
450311 329919 477155
140882 62715 173912
541381 5448 10025
14756 202114 397893
457736 -1 -1
304821 113766 268843
157278 -1 -1
6997 16066 78031
274322 209158 36934
542655 197122 155330
4809 467536 299199
255697 369222 497273
271847 418151 81224
624996 9474 1833
379425 565852 605907
284964 191406 221669
447543 549646 34988
530941 625426 404996
65787 82824 -1
312723 128806 585529
235816 608699 490287
23447 37208 43342
355625 174555 498659
91158 389042 168976
467280 393225 521052
455077 28981 114162
33701 894 298252
581304 129857 103964
221040 430400 376862
71655 95625 172510
356860 560522 508887
398110 576587 337478
607808 464778 9818
386980 525643 395965
162962 354834 489625
306818 513339 94685
591579 256199 604407
451907 335416 264719
203292 389999 569394
77909 254017 467668
534677 205867 2482
491973 557501 504004
492138 301477 339553
351634 394263 168679
289022 475234 574507
95385 303240 240043
23447 37208 43342
299835 499566 61480
20938 595410 519270
217808 296017 395768
550930 466663 481224
88244 617468 590687
110704 435479 496860
187006 148461 270056
291782 454888 409853
20003 86864 475323
608375 70904 439164
572429 8589 441206
583251 100107 36623
557851 538633 482831
108696 452815 46663
520263 360873 41718
214514 599726 116731
435733 293079 338327
61483 78157 457717
372253 255596 432416
306862 564849 155069
62988 535290 170673
207889 143861 286376
185192 69700 305351
134364 307889 454019
570584 389990 288468
267210 347987 21590
172400 419840 353054
405759 618449 347692
545995 34419 144961
235423 402093 328710
438986 390009 535127
268648 55081 13828
584140 395586 271401
346599 280191 249253
66231 -1 -1
348692 10195 364749
28184 381684 468782
435309 558698 533225
170676 233021 311477
139248 259495 410553
395841 280205 335745
343328 -1 -1
147119 479814 516305
617084 114684 362684
176831 210047 336944
228594 -1 -1
62043 418221 582920
295482 151406 122083
37297 207787 282639
113252 123564 165779
162291 499353 581980
189884 145207 137007
51214 119636 3835
525643 484282 395965
475171 145777 77284
551788 523978 104149
82047 310436 485341
16113 106664 5958
176831 112987 373473
311619 414258 331744
180644 74550 243542
412883 200903 70871
490988 500637 315029
565964 256089 508016
563400 -1 -1
340484 481624 364359
54498 442522 21121
368479 279015 331367
539691 28438 330158
368848 485859 12056
181039 382669 455946
401949 115741 409577
593920 621592 44045
542029 210121 78656
275153 284885 555950
437998 347078 142719
309392 428434 -1
543442 377378 204318
607808 464778 431933
449950 9990 17653
203600 592946 411839
449214 7241 208516
534779 353023 624242
450010 365165 447435
68127 550930 224105
556080 255697 160437
215136 88905 61793
181230 547040 33101
325975 46455 81443
479142 568784 409546
306862 564849 155069
88914 12467 313219
257899 487451 304981
302721 304550 437159
92715 362373 219465
302758 22621 123525
557427 226939 131778
100813 441602 55586
204749 603289 5955
462958 447480 352162
291066 612722 313521
334880 266830 437116
429342 18923 67341
444152 303712 73907
130579 188774 18666
337429 76750 335935
60578 26857 556365
574647 -1 -1
33744 617351 154402
229807 101197 78489
131763 130423 513009
146004 179083 60207
218753 214056 307666
448260 483654 441814
159095 558855 161842
162564 365973 347722
80547 146843 479368
603413 67941 327051
153497 49426 386038
600293 202101 17252
335491 -1 -1
20503 -1 -1
621473 285351 168474
32776 43826 312160
457937 79681 47191
224287 166744 476830
374169 84089 1925
85780 178896 114220
87046 178810 256656
129971 117333 266508
386524 580061 154330
337014 574084 557024
516064 37046 351289
85048 -1 -1
310899 103894 413719
308319 475826 322577
543913 583237 311200
492850 169333 126355
425506 127751 504128
540271 334289 187006
495783 36587 520263
390768 154014 279438
419383 443193 419376
215511 591076 167735
105525 572463 602152
234936 91219 26133
10118 418596 161270
258928 608393 174148
198296 514392 104145
-1 -1 -1
186720 618105 160748
165779 49873 85243
281317 532512 126471
125387 499287 188662
403532 521957 482850
16605 588343 11478
566480 582479 276216
553921 272509 605377
467280 393225 521052
611187 122994 616368
208520 193983 146911
468013 333475 75570
243561 7306 138215
320288 412178 -1
454482 322853 209084
579340 524475 552795
439463 380549 77189
45911 316959 -1
625291 50274 93683
593207 -1 -1
77588 288644 597076
105725 601889 344995
263169 -1 -1
534245 188582 605075
224400 355924 547909
186589 256850 426539
210229 399172 393922
46518 202114 9300
560507 550856 297888
101300 279249 286938
153468 558239 104964
137075 148589 234065
76520 -1 -1
384197 31411 490545
474491 31252 -1
356330 349757 354747
204078 275316 458095
327225 310333 249397
37696 621473 231590
147922 559465 155328
495040 205415 190001
180165 172506 607794
80547 238432 446525
444343 387519 89025
249851 205349 336094
431933 134063 231361
588770 611394 561921
414335 384486 592389
117881 241895 93732
603940 441288 6651
163824 214056 307666
270303 542935 377630
535957 437758 194044
-1 -1 -1
139905 -1 -1
267593 170663 317731
284384 170473 190211
492017 576840 477949
177767 443652 250661
172714 275825 295551
492668 583184 383669
521411 294114 377042
296523 366115 39488
14756 354633 291271
502731 588619 229159
566764 312721 582131
292344 495484 490565
484977 93648 269506
528585 377721 127751
570306 569809 113347
170072 157059 564070
341761 172030 103739
317157 80612 210299
279015 395488 449706
299245 612410 162648
63443 432819 412178
14453 -1 -1
287084 450412 109340
497763 610195 609983
33744 206618 104787
500723 327068 475725
1520 553921 12
435150 252314 586228
44147 71655 172510
129003 41516 213968
384059 271308 187707
314805 39897 395603
389725 611026 137479
261301 300128 256553
88914 256419 213068
552198 451849 429739
277211 569809 611119
6997 511341 348398
386524 580061 495868
390009 261360 510848
301150 156335 207626
44732 445926 625648
10466 457403 285420
97882 581030 75825
334189 589809 429537
79552 422664 321922
9310 574464 157373
421055 474978 537174
314805 39897 76814
226088 626941 231581
394505 70359 174840
53490 282781 569148
205323 153132 547869
297388 239261 283334
547771 588629 145557
487963 387332 434344
457704 -1 -1
17132 21523 71723
274071 212291 527361
283015 24191 182371
141039 458957 524615
591579 255532 386669
279887 258881 438336
247236 608218 615555
344057 257808 17609
287267 270750 177498
32478 399566 -1
72260 523465 98438
361068 420582 421381
526717 374544 50028
286453 467127 -1
543326 393846 456176
309198 15811 58664
622529 161890 520762
398110 85817 576587
366774 219701 163648
148582 351121 435503
322480 50710 605008
536023 431674 515995
588603 -1 -1
9832 126355 2448
619941 241687 448924
580146 57945 437323
615242 10098 1857
261360 394889 450997
604371 499774 370492
328958 224367 452521
328328 278902 176329
26974 144666 575208
205308 529860 70463
621448 526652 380972
329612 558855 597413
246690 309765 448904
209158 229651 500705
71429 -1 -1
438022 601356 599393
404489 215663 59546
248543 321012 174840
388743 475093 173689
466065 183911 167303
479838 87081 479386
594374 305121 409942
99134 333600 111163
531377 443185 141408
505974 264817 329088
528585 105941 424412
475725 71152 285606
91597 116 526144
173689 313406 274879
362747 606187 219701
161351 26857 414462
527162 627901 585477
278397 -1 -1
51595 563600 294056
334426 377378 202836
101360 414493 459634
234723 381970 94110
347828 143951 175290
257806 560856 417230
615688 216602 508248
572947 621534 56122
440346 202167 178802
417417 95501 340486
473704 193403 230791
299245 343587 222918
217632 560820 -1
246687 74907 86882
86864 475323 584608
204909 123720 219592
441056 135978 582344
165949 166553 602129
465764 169858 48587
226341 296312 412709
100813 441602 55586
457149 546254 547395
303270 99114 592160
407886 607909 104437
287666 284327 197027
382348 295269 237702
390252 587507 414100
517739 503497 418909
13263 192397 155734
103018 592567 251182
583251 78690 36623
37126 139705 82846
475171 2461 246867
234723 381970 92579
356301 580850 333171
426173 9832 116
559709 290840 298935
305662 224105 240723
57170 380904 275617
211032 46575 419084
623564 619759 100757
50449 547869 338161
136185 570870 374254
613638 11156 64983
333533 24015 35938
169221 419801 -1
180232 239949 569690
27475 461167 471595
509118 308475 173938
221421 176764 320135
223578 583034 530350
220816 355618 367069
306370 344245 278761
74855 67768 -1
123825 593857 617662
608178 287470 412644
433653 88631 478989
548677 77516 241895
460070 60767 400629
99541 369905 528489
512892 498922 269769
295879 394992 239119
342380 574515 417612
592389 183004 45254
320285 -1 -1
281114 139091 141366
607139 512174 56950
226450 72337 362475
335161 433805 220202
7678 600227 225017
592763 455563 309217
48896 519270 394761
116162 102782 234073
322750 69502 286898
496541 599092 202343
246539 206727 180437
231033 253690 198398
162909 391939 405235
507319 611145 433197
213134 592404 144512
625414 426148 254667
569202 483244 143544
420330 202184 46718
587741 580430 165152
471284 -1 -1
453769 362713 122508
338798 491420 363018
285378 -1 -1
51012 172833 331487
26219 23191 62753
607139 9818 359793
423996 575339 240631
480059 47528 262652
358435 145551 525169
556154 567928 569322
101283 258881 264160
454482 461625 68070
139975 53490 374169
490310 569622 312408
221206 463570 105794
549082 358499 204467
420924 21386 171298
19419 86170 -1
599811 128024 -1
225742 311035 18784
527338 608524 16066
142498 99124 173146
251634 315050 216895
86373 75776 420238
134368 514176 57411
-1 -1 -1
49509 44770 -1
465822 581779 44926
284327 197027 420392
621496 199787 499287
514840 337162 398083
224979 270386 604944
465276 139936 566178
204843 57580 -1
607741 592189 478302
530733 592189 579764
261510 -1 -1
141988 480708 624616
340250 215136 73632
459067 420961 39146
66508 362375 347173
516199 420234 94685
229903 404020 467490
11539 257714 82732
224669 269163 564263
93608 182972 263417
622230 3049 976
95393 296875 142256
46455 359369 110008
154443 328126 295814
515387 485341 518267
339450 615027 137088
431592 130627 241134
14412 29479 417417
180892 243098 381556
478064 366306 285420
626367 -1 -1
401913 160646 254667
310899 418018 103894
587507 590722 297787
196195 594286 424281
465145 620949 531880
488694 393872 418776
448924 173671 622530
313195 229926 480710
594661 418036 158488
316912 32647 574632
614484 156033 206577
171100 389725 249233
176810 5881 622529
216631 314549 309
235733 145038 323761
290666 286502 257137
370544 626181 296676
238440 278761 312319
100422 -1 -1
620005 621766 31350
232971 544572 548373
130207 78125 76528
126867 530227 264352
156397 124872 236650
309678 15024 294660
409971 417994 464663
175407 627752 466742
395473 296003 -1
78125 142256 322853
351315 444437 445101
574647 72743 129971
154122 370554 175573
440346 495100 265614
449950 9990 407431
204943 531562 -1
91327 39814 394608
165779 172400 516079
363082 552633 458777
625241 557647 189503
222966 172325 318451
49173 248841 570587
232295 463463 309217
614086 473277 323080
602670 12112 32943
386551 540350 73751
5486 281317 3771
341746 256681 385420
252336 582035 468996
526408 200627 404118
13902 354329 447088
286796 374169 239610
67159 63787 530703
359388 582289 578649
557468 326828 420109
144376 540831 14175
51571 548712 624087
305062 393922 464827
499571 106205 498123
605561 566272 -1
525283 49873 517586
481196 526258 369344
113970 139237 271442
242024 -1 -1
108970 445555 231018
389990 288468 94494
33565 418101 322524
579852 7682 -1
528816 551250 325549
310124 163954 550558
474885 26215 140302
326943 -1 -1
220100 170663 317731
359265 335654 380733
250847 120892 395885
317526 -1 -1
123504 91321 54599
460753 120975 153124
44592 396140 372895
607139 359793 166990
372171 230087 439974
535422 536636 176831
365037 1683 567620
481653 214598 156775
17653 259057 496723
181515 271976 97034
125901 414082 38495
540490 244008 613460
456018 567540 65649
571713 322140 357543
141570 361103 243547
582010 516100 32730
617695 586715 571798
280881 89541 596733
76672 397282 434178
225199 -1 -1
226341 283015 296312
411194 303975 323812
378201 28654 353875
242121 571573 484324
270083 38825 602013
262786 439213 28214
501394 144949 264531
278368 474306 145380
285108 589184 330370
306094 390768 608545
419383 440058 582197
310627 114657 565229
364442 573463 166410
180064 580850 581302
94647 -1 -1
188204 225085 397155
272538 564381 261582
380957 249471 248940
88765 561754 315732
366880 517628 531236
621846 -1 -1
17079 517622 178143
461964 32319 114758
292567 111035 310662
289088 -1 -1
184185 498280 251551
120867 308787 -1
311136 151548 144949
454482 38825 602013
283130 280396 244727
343416 48784 107242
485789 42867 40716
395807 29084 526700
23141 -1 -1
49285 31248 5655
126425 588603 327285
373861 504726 350874
256054 307557 -1
125984 283366 14961
594177 210094 139316
571367 322788 -1
419453 13646 116700
578317 228988 274774
425715 -1 -1
45848 482157 339575
16414 8368 121347
459067 193216 434802
270261 609275 137557
123642 58444 260112
18923 12962 551451
66268 209351 254667
339866 404797 384403
562983 627901 341971
421228 369783 52572
367322 230087 258110
539564 33701 512280
161246 453946 295482
422157 557005 615838
107743 444351 590890
471974 556081 133382
364381 373825 581030
406985 602049 154938
60767 539958 416036
171007 157542 212743
41983 389891 463106
386251 349247 568039
459192 276883 31406
117240 35730 307135
365331 397702 227253
71723 -1 -1
23141 11342 51996
214470 458463 271532
334743 112797 564226
115833 137185 543613
353477 50123 174300
173761 196525 241895
129857 189814 189125
85382 457704 531605
482682 496398 -1
279372 501823 38645
50123 501206 513598
293297 506397 530487
538633 171597 113211
407886 283684 467018
277864 475211 565964
456018 43891 164630
385489 610043 444686
428366 504348 603551
264401 510848 527091
357000 622587 602285
209462 168590 68591
355715 510973 472745
502390 250847 231510
87305 88867 7241
268187 268487 564789
320135 85386 -1
7239 248246 55531
146037 160577 270596
270323 311633 560967
608697 463104 210854
352326 478135 73148
159764 582678 599768
464681 284488 283287
17187 222227 233705
77823 15024 -1
320573 137075 148589
624830 82 467192
224836 485789 42867
207469 551250 500648
335360 68897 433911
163712 554215 186946
129552 434074 22060
379483 260399 502718
172390 253803 61598
119088 59654 330670
409641 406302 182209
447547 104983 463106
38174 249176 167289
289641 357350 614582
347728 400629 231041
382836 53290 570664
286003 371484 499114
378071 367831 285490
-1 -1 -1
302785 167477 460934
525131 115879 265151
15183 621473 213810
298151 215388 76837
186698 -1 -1
502286 62339 268720
307920 464635 393219
231160 109739 307557
527723 61831 337874
11342 77613 33865
454888 58232 27356
17132 402650 142592
377378 63617 266863
396628 259495 -1
310213 376727 127561
604778 194559 200005
616392 290666 -1
120685 556496 543010
1500 311200 7489
485306 171363 585793
595394 358389 604057
8320 483693 397869
-1 -1 -1
155363 400608 466993
287103 158139 340992
148776 243958 189557
210640 377185 172668
180344 464460 362896
5955 -1 -1
559424 262626 255430
95385 303240 555017
151229 425758 117952
237070 439799 472852
503177 536374 521807
432052 195153 433351
242712 383349 12818
442509 412709 39470
180447 301085 377612
445883 302159 190843
277992 323078 16330
351969 207563 453450
372037 540420 551451
120863 97102 160647
354420 545652 86619
284327 197027 420392
247058 579428 24804
399646 485417 96795
362908 541911 203332
263167 258870 -1
319946 208888 288798
416527 -1 -1
346313 272538 564381
596620 174301 561509
539903 51295 609782
349001 325716 91064
214675 296073 125457
354420 170822 1683
187732 382301 39284
520244 543213 582289
505440 321427 477311
350718 105245 153468
547054 48205 577900
386551 186589 158636
154402 158660 228364
210026 90333 485369
283925 70142 519353
351042 -1 -1
33071 329958 217542
225742 320032 154734
148342 149537 232935
148491 324441 621706
10757 242130 538505
412030 170986 -1
220100 564390 149878
386917 394505 209788
117333 50361 53512
540327 134686 149429
88239 445927 56949
475628 225742 430516
597274 615405 -1
24191 516154 171298
570426 162909 345121
