412846 48300
182508 474934
288234 394530
378711 542402
17132 30135
22552 619759
216499 624715
537174 484580
507819 263149
482901 242563
172506 607794
441713 123504
93417 560221
263169 -1
482652 317172
422918 178833
363737 19835
337709 180901
378046 1500
156397 463044
602670 12112
5955 -1
567344 479838
53758 406578
537756 600463
267210 210551
68127 1567
582035 482457
317876 147986
360915 380980
249233 391104
310124 36310
465322 82741
354834 158424
459048 393922
362896 109222
369783 63617
410096 558855
569786 73035
341389 -1
292567 527152
281005 177665
601571 -1
531946 213068
305662 296412
534206 94684
298012 64522
113066 322072
227035 174877
578558 3589
502245 507655
186819 462544
471974 583184
267348 221206
3404 -1
579357 221392
146147 348540
453233 107743
557468 158880
88631 39097
157280 258881
486609 472698
357000 -1
167723 382836
487462 575535
27437 45541
170473 305937
243600 310662
216631 66141
52173 223917
103884 576143
48373 60578
204909 298386
539903 51295
521652 18849
378046 568556
130232 91312
45907 56420
329612 119504
426201 435982
363939 121552
229807 304502
168418 375161
109759 405687
20925 323116
299119 162111
435173 252762
327505 81470
315063 96872
578297 138215
380855 158461
628642 591680
155109 362200
53366 334945
565049 -1
76728 465686
438685 108121
224167 169479
135583 514517
89784 455515
124872 64232
7287 335161
514695 292221
286502 418765
563173 225026
55581 248543
310899 455335
404492 241843
267777 53258
517622 -1
388617 527202
578124 -1
10835 380169
248085 -1
223326 569015
610417 236215
107802 296078
522261 331014
305662 603280
311352 281222
170366 399172
225348 521382
168265 521981
379931 386853
70361 567334
440595 287666
92825 466065
128654 154165
364040 263030
12626 348692
227903 182578
53258 259759
21121 -1
62728 455975
377815 395479
179316 363908
511103 394636
50206 -1
625291 148971
452587 576155
441814 502245
380733 531605
226341 491420
302721 529738
311569 344139
101897 579852
135152 -1
513861 27841
609477 426173
190192 481615
454210 185160
468829 286211
184132 619038
493156 575535
544528 103563
528816 551250
308429 238185
366870 570946
115833 122997
9310 230159
8900 327139
361993 352012
420853 136083
502796 184686
183014 442522
25756 295820
294 337509
507319 393922
945 -1
401913 294276
89678 233240
596873 266701
91597 465204
210229 347078
97956 159590
122312 395028
322245 23878
72260 98438
617084 114684
570943 235671
263073 429080
25756 246583
88867 -1
362908 541911
214056 307666
235214 622193
621145 155322
393348 451799
187613 431738
448096 -1
184369 159861
989 55582
251182 130978
72624 22925
85458 195269
157845 265531
227981 119980
333703 85479
374817 500014
85540 473203
389725 611026
172353 302740
-1 -1
387944 7486
12904 387207
450412 274918
525283 151013
79605 356330
336318 374811
495968 339156
229807 101197
542581 252908
192413 556283
38107 186974
406411 234679
8662 15516
25756 61831
620949 531880
545995 29117
220816 355618
228594 554439
547054 48205
262490 535185
314805 39897
232935 542413
170031 405085
262490 311561
593001 161157
501386 -1
557851 458733
82 596053
367911 143638
313986 380922
482869 432625
527723 139091
324093 570670
430027 -1
301150 433363
139975 370714
217477 481038
358569 591984
196195 553069
557427 197674
623348 520865
409880 176595
611170 433197
251452 -1
577973 347245
602285 64060
89194 438944
403972 186392
468696 89887
547771 610195
521675 8728
296875 314858
452705 -1
576916 70871
437998 10999
579665 155109
171363 305011
593822 165976
457905 330783
461425 71635
251132 606569
154734 587507
87371 233769
579037 570946
84793 469815
318671 437284
28981 320533
387944 580020
535688 297099
396042 498676
142498 295180
588629 68591
520512 412355
353348 102041
270303 542935
448493 511327
285040 488127
46853 408800
591763 355377
619924 508285
6779 616171
408528 112237
546285 262039
151229 425758
428366 603551
282524 223871
377833 41425
318078 -1
134686 360915
500862 224669
154944 304821
412533 359733
90084 165178
118203 31695
576167 301106
499566 592946
531946 329295
622112 146004
311352 342981
120028 247058
118331 10757
11019 123172
582248 536000
240782 187369
260485 325123
595415 582902
174588 75465
486458 339737
33172 218937
394505 13700
607808 464778
178328 21545
145765 226770
69171 443106
423512 183466
564007 521409
179327 280385
405687 434192
617490 240988
400914 504726
184720 300280
605724 135023
467390 -1
438988 443106
-1 -1
65681 402633
350689 614102
456400 446997
272677 166919
242504 388617
235816 608699
160748 148461
376867 592160
292060 342915
239561 405912
159391 176651
41008 128528
493316 130175
26857 390104
344530 496627
228118 182497
249380 372534
574758 604326
436166 307023
175876 294943
253365 481097
10466 169045
526945 616309
499797 226619
629443 71799
122312 395028
76710 494969
41744 -1
181987 -1
303712 263096
582678 409853
133382 126672
611243 168586
433140 590789
436010 188862
292645 1613
377721 181083
464204 543060
306945 253803
110704 435479
427557 505663
533032 446321
51343 428885
127056 135921
20953 92274
109669 537917
287470 542685
437998 113039
168948 210516
433367 202703
248707 -1
67252 -1
414757 204919
450984 295879
387090 405861
16605 584038
265243 623488
258870 -1
145427 461541
23343 445934
502245 263249
139943 241411
434513 419539
477533 300932
621187 614417
-1 -1
527162 63900
1675 386669
593553 325820
517245 621214
343411 113039
223499 325975
387332 599424
294888 440171
493252 282152
542581 252908
231160 149537
159670 230515
333629 136185
438345 92114
134431 -1
52572 352629
467154 612928
24856 277286
94431 283434
385195 -1
250451 244235
516199 420234
83870 582434
99377 308569
90320 245550
502390 459481
593822 165976
441814 439078
4698 -1
354339 286211
34618 459370
601512 383744
50206 415223
587038 42947
316174 103510
249824 74248
258870 -1
593075 205839
277952 358939
493252 282152
493660 366672
189884 145207
900 310979
164293 114871
44609 203600
100627 610217
390859 379065
456376 468918
248493 452708
445715 544310
582173 226788
364255 473734
547979 628552
421783 189430
308429 552633
311136 537117
16605 437383
260850 399559
372037 551451
324794 378201
127994 341287
12264 177284
465953 147025
517403 366880
548442 306507
500014 472745
139825 149537
2666 213246
100669 58012
506168 12467
500096 231255
26219 23191
536726 431592
532014 188448
204909 433556
172714 275825
493295 374979
272875 333143
153034 346190
315114 619832
181572 153279
246581 49115
437383 494025
385464 10501
264401 520573
94109 457577
158424 409824
615041 440557
558441 574548
364686 369577
473945 557851
490128 408536
521675 8728
258881 59219
426318 606130
9817 295820
314858 38508
617639 -1
202101 387201
431674 515995
507347 172401
509957 385835
443382 380580
159670 102656
452587 231428
260372 513153
425506 119077
45181 82565
224364 448924
97174 72260
444351 403397
317887 273446
172355 354745
92825 560101
217729 86011
591076 -1
377378 266863
152146 183103
604729 289782
351763 15596
371349 274087
534547 286317
367246 407886
11163 207334
580284 611831
154443 252039
592748 408536
167478 30135
589077 309137
465089 204887
579340 301516
305396 7006
191763 470903
214554 401857
181520 331256
62650 173797
362713 122508
141570 476759
335116 -1
350323 181987
390069 -1
580061 532014
372629 282781
94110 455618
143745 156714
97882 563921
460961 88739
75980 620005
567407 -1
378052 615799
598640 51530
229903 392676
4010 578945
37297 178683
361265 135729
236387 574464
39470 181825
470752 417820
-1 -1
594704 459370
245924 599390
224821 428458
13065 230360
395811 335493
44756 409198
165861 311643
599748 326802
520817 581304
607808 464778
279887 271414
353192 478989
584290 368479
600762 427557
335491 135161
177033 130236
270303 149862
317178 8266
358939 193169
495844 281342
320922 249471
352793 207334
97349 499808
113970 139237
181515 486538
36018 30594
317688 581471
163205 582325
166800 -1
231775 525857
18844 124310
167723 273328
53366 70058
470132 296875
316174 329717
474321 -1
90933 254789
406835 217103
72624 355715
325266 222279
37589 151093
361487 587686
74907 86882
381640 -1
139745 422375
310109 -1
217648 256319
116558 43808
475788 110583
553982 78125
378711 359867
295217 -1
422043 543843
564007 521409
159571 172390
355924 547909
237356 541381
552633 249253
330530 66730
564429 418042
90535 207609
333703 507319
218908 213440
102684 149123
496627 223755
225606 176242
569809 497171
345832 56652
592893 224364
296875 56709
420330 412533
18327 408844
153061 209261
478135 200753
586850 586984
107818 390768
472895 238327
-1 -1
86905 348903
253830 524811
397103 196067
106207 120977
607121 238432
36643 520571
427495 320533
13529 58054
480748 573264
374811 612112
378071 174630
45484 1613
291809 7942
424758 57170
82526 128250
503250 286502
395399 377770
146004 13291
402390 450773
279887 185212
151548 265228
165076 499998
93608 358383
7678 225017
40267 325259
16935 542930
577382 592411
514445 291850
342451 164562
625678 138824
394167 51466
233114 13604
557477 -1
265077 509631
140921 139830
595602 138215
386669 578452
120684 50206
150964 342702
384094 482062
135884 24634
368093 339468
503221 401101
496691 198296
360933 124310
172441 281642
521807 464947
326260 127659
513861 224162
368848 116
210229 479331
220321 414384
610296 214532
166080 371932
312650 197612
94272 77854
343587 316774
130740 356577
146465 102907
267370 -1
9538 337762
220816 313986
522738 594661
149093 376023
523465 572434
323078 378201
592078 205737
366774 163648
272875 333921
385447 482958
264291 238185
589764 498420
185032 88065
463181 419453
211629 125880
414384 600598
418259 -1
95544 567252
578992 250251
339191 574084
386551 158636
10118 161270
512126 176005
560221 116915
184768 427098
88997 384707
218753 542001
288263 176924
345832 322750
319733 403437
455888 402163
137017 273517
206608 478550
181520 221029
603166 445702
259679 419453
367656 347172
513440 387662
274122 -1
-1 -1
341024 7875
97374 396479
260485 13582
388938 46718
180447 478166
241843 293758
235816 608699
356301 150346
598276 169528
77588 434269
391006 501032
223426 310213
418286 573958
202184 231102
153468 104964
566282 241028
389725 611026
211032 621229
264816 464440
603413 265420
398110 576587
148874 24956
190226 402633
386251 349247
16414 8368
216512 172185
273877 2461
223755 474321
416260 207880
617782 509690
22421 386853
604666 91618
330530 335890
35975 440643
248808 341746
407008 622961
614097 141367
448306 336285
622193 135569
11049 531798
405053 489327
-1 -1
351868 -1
395807 433363
544598 595194
565720 529960
225147 401991
337709 98398
7556 9818
419269 181230
606163 7991
523291 115263
239346 255479
163824 44147
531946 508974
594286 466864
267822 134402
174301 45911
457937 79681
100591 185160
93050 541381
8677 72824
311812 530569
54946 338968
24101 173013
515458 171887
1206 131546
85317 11151
379471 224434
51940 316382
456376 209528
146288 30891
627383 341761
621592 430024
557904 117731
103729 340189
56908 134176
340250 260258
175745 491545
70142 123395
286939 109262
459634 524887
174097 598703
70514 106564
18849 34390
600293 165720
27819 14904
481226 522518
518365 302077
39351 72523
624715 586107
576143 209084
538633 377010
574690 50730
453751 105906
509854 280560
46605 156499
324093 363512
531798 64522
362030 107743
594021 617051
445721 460381
400794 -1
440533 577344
151098 -1
492138 71590
220660 417683
227903 83316
256147 361765
518309 215165
159571 230732
-1 -1
455537 96256
512614 234619
97264 383156
146037 270596
226760 62518
529157 240535
434018 4355
185922 567044
152830 67941
544860 438511
387175 3835
297388 239261
531489 124136
232822 463044
584551 183182
239048 -1
315114 547575
11521 127858
66657 334637
117240 35730
423029 251319
104354 258397
595534 103018
367494 494175
66801 431894
607121 126823
562784 144961
313988 437159
40889 167593
419803 142871
170663 317731
130207 319364
258824 38550
604778 194559
91967 598809
571713 537419
242277 487189
35975 440643
12353 68127
4100 360034
377429 569049
38107 243892
497221 540490
229246 341121
186868 385331
173436 306834
607602 247795
109849 300323
276749 585440
497365 34798
324246 136083
427432 295917
345944 181175
13529 126348
386546 311352
400390 190439
514257 19900
345944 490897
577382 476127
351315 444437
306109 426219
450984 326741
190287 626181
334849 417974
378653 330664
557831 189708
519612 267550
464681 545713
444764 23848
103741 337480
63233 -1
620922 11607
367656 191089
90650 249189
25228 566625
612030 161021
156910 477335
356521 -1
579165 621187
527162 574690
100430 612026
483244 161246
580590 597245
305845 481196
46284 192513
619419 625840
348540 351139
473704 77799
516670 412867
563807 324004
204318 4334
447147 83620
590363 468782
535196 419135
182783 613999
327321 531798
263551 517698
209822 241137
84840 72599
373963 629117
335071 517091
417536 58158
245267 -1
256893 279584
278838 481226
272270 444015
309678 438993
346887 531880
306068 203976
581030 438594
1683 628050
628642 231299
242742 221246
291350 160578
302785 14748
159383 53928
12264 177284
503399 70003
607808 464778
136185 570870
628462 602826
118331 10757
50123 290294
338260 124667
229807 101197
468793 171007
435173 250717
15183 610394
512280 569202
454333 605075
600050 419580
271619 532087
117545 151406
466065 596620
302402 314986
367656 347172
110023 135884
416914 543858
461586 330530
503497 324030
79552 -1
476300 178777
412543 379931
346264 39408
113211 407859
96955 390479
258881 387337
424071 327067
351442 328052
479247 33130
609599 167901
113312 390614
185365 465970
447543 549646
288551 539443
445477 329888
254581 454858
592516 48100
229570 496627
163954 550558
107818 209011
134686 529860
71888 311569
63493 384908
473494 403557
337621 417436
255088 578293
340305 28981
31438 226760
14748 481653
329636 328222
352326 229159
485460 588574
31695 386369
259487 361038
557050 336285
316914 78388
404443 438642
512816 234388
398884 445986
167017 53758
526945 616309
265973 -1
121038 173146
355032 -1
166865 437798
149526 291824
576143 197837
159077 233240
177744 -1
490423 57456
452817 548353
316257 347338
301150 156335
213517 320135
66730 496736
45848 579665
468013 333475
556080 492649
365852 518760
231041 326359
559581 522802
260485 392224
571727 -1
552299 270338
73751 25029
304161 302371
85479 397725
464165 95609
490975 417350
111163 44133
216584 470603
253803 551683
280445 -1
192292 -1
425088 48138
25244 -1
126106 312703
470384 -1
563862 545693
453769 171219
512280 137683
477533 247975
386551 158636
127560 144418
384197 573149
614097 204583
189891 176664
461167 361647
104120 575284
189103 621102
240073 292711
30017 -1
180099 452955
92937 608218
537978 -1
538505 31803
298550 54718
77189 400099
478302 483687
446133 132040
581297 5026
442331 573587
488534 481743
513153 474186
416434 21282
399852 443270
501394 48125
620922 11607
216524 125000
18324 19049
503229 86732
113737 509118
11134 35539
488967 59876
182324 -1
252336 24925
144070 525903
32848 99204
476300 178777
280191 -1
273686 -1
293846 396776
510329 122755
12904 387207
526965 258824
503230 29290
208079 387876
600444 -1
137362 528376
325593 396777
392296 441010
386669 576539
521411 29929
107237 140114
341761 391085
333921 273799
55157 450085
235214 46737
395049 -1
136521 576758
588770 561921
399772 41275
302174 467048
242277 347072
444764 623087
24933 27578
514840 379760
470073 504177
627398 290863
532972 500355
445969 77115
989 286502
176971 248534
125901 241687
559826 597022
351315 444437
452587 175819
54930 155109
229651 561977
283130 280396
390201 177509
592893 174221
326652 -1
323610 292421
468326 214396
454482 76348
191763 13739
378711 359867
55494 -1
283273 -1
31813 210223
565532 415726
587664 -1
3662 494505
541492 591811
406985 602049
357997 91128
38808 -1
493512 453034
440052 327442
566483 493295
257908 588629
500648 273877
-1 -1
223426 428363
542001 411353
548010 85817
294578 263427
299119 191788
14453 28691
10118 445721
481141 183409
112987 373473
76393 208083
612428 454019
358499 204467
270323 311633
261360 570223
398943 118920
409818 105065
80095 479207
208785 197179
16652 -1
162962 413821
603413 387944
434623 145372
60767 252314
42505 503901
108458 215115
272875 333143
9832 126790
418286 447728
282861 116807
1163 220520
115833 137185
124667 618438
116915 224032
86438 100107
153156 294389
86011 121968
223451 427858
413537 99541
120949 198296
388488 24804
120380 275316
436010 604905
145551 7582
33472 542708
241050 3699
320032 154734
86905 348903
268292 174322
76019 249667
441352 391939
190758 177665
508088 233280
352399 162172
396671 62753
624515 605139
179529 584808
395811 18929
-1 -1
132424 459668
453112 531299
115028 260407
996 -1
-1 -1
179327 558855
17325 397364
270261 609275
21590 422752
80057 237782
434623 290592
317660 603496
628462 602826
97374 396479
168014 311477
10137 497610
355924 236118
497069 489583
129857 189814
121373 338299
441196 102782
504259 567344
184303 466762
14412 273328
261214 374698
386980 478000
51577 122756
460381 327764
141546 -1
147452 370764
607173 188691
306561 550901
286003 412178
321307 232466
10501 322104
574215 563860
392296 441010
76750 518545
211125 596635
452587 377019
292060 191788
253051 259020
337037 439811
462313 406243
401913 50837
38076 235733
103817 260358
594661 48769
172506 607794
235341 585390
52173 223917
38076 452311
180169 -1
163047 386108
8033 7294
333629 610605
126527 298059
320348 368651
605174 363737
226689 523218
473984 -1
445715 491483
433363 337429
483245 364753
340659 172185
541492 82216
428035 379677
283015 77654
345944 -1
620241 155708
387239 431930
158880 591763
229651 276770
153497 456018
15600 246581
101897 -1
515074 138775
412533 359733
170234 29618
447309 505146
187910 -1
299245 340385
89504 255541
89505 66132
150964 162564
240177 186457
340604 42961
436922 293450
513153 384208
243002 564082
262626 74318
259253 109626
5646 55254
160514 263706
143702 507053
560133 497857
12904 387207
575284 599632
44523 396357
390583 54184
411714 333519
426201 574647
300288 343813
4402 23629
579165 90401
120257 79209
281635 -1
86923 470263
591680 180696
40889 545880
607121 450412
250132 12353
69363 -1
615041 243958
132484 474083
516100 437544
587664 50393
215342 57492
347481 307557
577344 -1
141039 154259
204583 268022
449869 306808
624830 251018
206812 37589
559282 442814
350965 254361
125387 226425
274834 608727
401913 517944
457937 79681
340992 146147
539903 51295
262039 -1
8728 269176
226766 546675
621351 471819
590471 563499
268292 174322
30931 349756
71166 -1
378046 568556
100757 106331
976 124441
443106 317887
9045 534677
534606 375506
37297 51940
346313 521100
28480 439818
258106 11144
246687 353875
593586 51940
181515 271976
503272 -1
450984 99321
334782 255088
369905 382808
604414 75029
442545 475362
290840 298935
264700 542187
273787 538837
363207 284488
217648 256319
595173 455619
522941 533074
394530 438251
114157 569554
537174 577890
533409 175819
65105 377343
17676 487808
528585 172185
151913 444270
453680 455905
272384 534206
70359 37489
59086 580939
38506 150346
628967 564799
505055 63837
352993 492138
381380 301939
548010 546285
127056 135921
170366 526572
359255 -1
64981 179221
6108 11200
78839 112527
289753 461758
251132 188366
198804 438685
3811 30883
113340 297388
63900 23120
148342 180392
216631 170663
166080 371932
546701 584808
304635 535290
553955 591383
526945 4526
616368 550565
446848 2326
462071 73753
308246 592536
433792 52668
375001 602725
316871 590753
5138 112028
79605 334071
523603 517491
307710 45743
329404 404797
46613 21280
205308 431674
27374 257755
82 289022
359293 47454
230732 273446
48393 39392
525396 142592
4629 293126
554082 478135
340575 304170
561259 -1
83316 527162
560943 288324
368379 537852
616277 320776
332267 537066
83614 26857
390768 97349
495794 505328
299119 474993
401913 342822
447285 115342
225123 163939
316697 226425
50123 331375
518241 323999
36310 193231
168418 206797
486268 436611
27437 45541
583756 557468
100813 441602
343555 37374
497949 228290
142019 51530
36264 -1
306156 291996
24634 28436
210229 343841
94431 438336
454333 248565
517694 45390
382977 138371
619832 240453
128512 353348
387207 504510
412846 627901
113039 136059
447285 537700
362371 -1
125160 237912
541398 95285
167733 512280
249233 69254
254943 352629
291638 50041
127056 135921
287103 206727
438944 178618
260485 392224
483693 140308
561462 368773
377815 511260
518044 313195
137017 -1
235733 127751
459342 94588
82120 337285
445474 439062
206812 353477
161528 251195
538505 408528
178200 -1
294660 217208
287399 507053
4498 536397
229570 75465
13646 116700
282334 204909
168265 260372
318651 472858
112231 125305
277952 346889
557387 304150
6779 600762
106207 120977
135978 390057
457905 -1
14756 5137
57281 64489
242504 128806
446446 131763
49433 216532
567880 578553
541074 531798
369222 497273
306068 355221
83614 582035
556081 552830
66231 -1
18694 276597
565440 13634
613075 533225
274251 194937
238031 497273
131445 119787
287399 431780
280881 596733
512833 518950
31420 -1
20945 424713
35975 440643
453769 531540
606581 456639
624830 -1
80853 468013
73078 163954
109669 42657
173481 90650
441814 591824
624715 272343
454239 45860
362007 600503
584681 237702
5958 166516
205809 268924
217082 574768
189557 299038
192949 463505
433140 590789
211629 173481
9955 560787
369153 248443
298905 42796
8900 327139
353192 300517
552092 555348
287103 602324
535127 516973
4194 279613
171922 -1
613638 11156
43861 390570
600895 414100
-1 -1
430902 3905
398110 576587
233240 303537
613925 367656
332594 294078
412704 55325
55581 135023
466268 291066
152546 557024
138262 16652
601196 550930
163328 252230
273105 392340
606368 66730
386835 465831
566483 577339
2337 121846
206797 561818
460070 257623
191788 211452
217729 414167
272509 413645
309346 218163
235214 46737
363594 272343
105906 480799
167313 551788
127611 493810
258458 330167
60389 277566
534699 37943
137075 148589
577382 592411
400551 489233
394015 -1
95285 93043
101283 335122
370764 -1
126790 183644
394294 9538
574758 622593
2686 328052
536726 260194
407514 474822
449668 -1
412402 536527
109952 167477
170676 233021
216656 126510
486538 50123
277775 295482
555431 -1
154258 229246
234813 425325
433127 299199
545995 64981
355377 273105
17132 110563
446428 616880
603280 337429
186974 56709
402650 45961
83498 126790
189884 483749
556818 24341
3682 629169
274122 310537
358279 226690
574758 10195
567407 574106
34217 542759
526338 289088
487963 434344
529787 402466
22584 349757
121093 462370
302159 213517
428035 242157
541276 531708
226088 449869
473277 230924
107816 176810
48896 560596
521629 -1
145274 461528
482958 536000
130067 549957
448815 248686
522629 -1
190758 496941
3141 152146
55531 240975
579123 536374
142498 573348
245300 46853
609321 -1
390614 347728
34138 471658
56908 544874
88619 620698
556780 -1
521685 593822
202509 416902
234308 -1
113309 199787
53066 334171
381071 619998
490207 -1
302174 216631
206983 146736
66801 431894
78023 540786
219465 400244
125889 -1
555724 282321
468223 70463
386621 475297
609721 569049
367656 347172
5138 112028
622529 161890
577890 184949
9438 51656
149195 374505
623827 184838
266508 445897
312188 624830
595054 361416
212340 18329
184537 444786
448752 528247
452815 360086
177400 66508
529267 325593
44962 571172
78839 134582
514257 13529
243971 476091
316174 2337
2742 253284
71512 523603
512833 518950
275642 438070
478264 -1
398884 445986
599822 108400
468918 453797
435173 512139
152546 224836
287560 339055
381862 621238
133382 349887
575742 453519
572947 134508
599456 348582
15726 491854
345273 502727
116 404611
180064 568651
-1 -1
52324 497193
286000 -1
183669 -1
99377 308569
329637 486791
33701 298252
358499 487708
249253 147159
394273 428319
235967 355625
234052 -1
508088 233280
80095 479207
77479 199002
512169 391833
446131 515910
389430 487962
481596 2650
547771 511883
7479 342806
252039 301022
590287 474083
230326 300294
591811 572463
385489 102757
21280 625435
443724 349001
311569 271293
46605 156499
405480 149537
4402 23629
592893 126889
351086 490897
387207 30956
16414 8368
274834 473316
245550 602147
399326 -1
322853 209084
183939 29711
420392 447856
462958 447480
20647 584808
88631 619924
489065 250251
480710 43861
389990 288468
151229 425758
26346 198327
606952 89302
539691 326385
30135 30732
176971 126478
141367 510848
557198 249233
378046 568556
214056 307666
191301 537117
550417 210551
625426 340155
370890 618438
11595 435423
4498 429186
1206 131546
522738 361545
333629 447782
283902 421783
56421 161246
116 46411
252230 552600
358383 532468
135895 23534
-1 -1
102924 237070
105674 479442
259916 589897
211913 245029
257908 333679
311321 264515
607808 445969
28485 541735
588266 94272
621534 161246
497955 216241
346158 324219
330315 55581
248136 223786
119077 144718
171007 157542
338324 463181
169348 163943
235228 318528
304463 572738
473277 599390
541381 150291
564007 521409
436047 526984
569148 75533
99321 326708
267593 417193
240487 610043
416646 363656
59086 580939
337682 84480
272343 113737
615041 243958
376436 142256
340659 534699
204909 103293
492138 71590
328953 -1
427495 467358
491854 611392
262962 286317
617552 36643
557045 39712
503177 281642
340305 276050
214784 6491
341477 605075
98107 277992
486918 67629
185010 38793
23593 590862
217966 204846
257115 136185
405299 604666
515423 42991
465953 147025
284327 126355
530941 256447
432834 277213
391244 322424
54632 233636
563860 363656
381252 305461
437410 59489
10434 248493
80198 565542
399172 526288
8589 230227
224400 587061
324721 584342
238185 439380
92941 169084
272343 518731
227035 28485
454333 72511
209822 57587
577221 83806
-1 -1
441263 323165
62460 462892
178226 489506
48769 367494
451088 208768
624166 511883
562080 107781
229807 96172
536374 267550
56469 15024
288798 8953
217477 229858
453751 400826
540350 213517
391897 4399
104437 296428
263149 145674
459342 94588
232971 544572
478353 207889
450412 274918
92339 47712
253051 180447
207219 2666
316871 381182
557277 102632
313857 143544
526708 313668
539903 419383
453751 162361
598510 274601
186819 133501
-1 -1
274122 310537
38947 348398
105620 563418
531563 103876
171100 512640
354568 -1
455425 430800
346190 231565
84673 599693
108407 256111
610368 242105
566282 341761
265243 623488
235214 46737
26702 413093
286796 472895
72260 602024
124938 379332
223326 546950
472895 404797
167313 331256
163097 115421
400826 327613
134736 136248
126889 -1
604371 60540
610394 188366
414532 26472
474414 319396
420629 602152
595194 523978
339440 469815
555284 522169
240163 33552
256199 1413
76710 494969
574822 15491
431592 110417
433511 165159
87371 178226
388071 400547
122508 380549
468793 334346
623704 374817
450311 432445
534824 564504
402457 386524
97174 420961
462431 306370
583184 171597
90320 329845
234936 467018
76413 34098
349974 216080
620005 392340
217082 574768
465276 500414
541492 267210
257182 267979
82120 139975
380310 -1
120892 326984
138647 287084
273105 567362
609074 354745
235214 46737
441713 403720
360915 380980
210170 460014
386491 209351
379219 231041
386980 570584
325504 245267
348125 299166
521981 386459
12524 3062
622593 196908
163523 221775
159764 594374
521807 274252
301516 545327
315876 253365
311339 567540
564895 92440
115275 214470
60783 454858
54930 300517
294404 112737
453941 201109
207880 445897
72412 535688
110023 17774
620689 47919
490287 479358
316912 574632
29084 526700
361765 28246
95881 564381
1500 28950
206751 590847
391405 306753
505431 -1
337762 4809
175165 562259
72072 475684
230584 -1
65681 179216
114407 581400
495117 313761
140182 -1
221591 523829
114823 214506
253830 524811
225123 541487
547247 570306
88083 223480
515005 -1
28184 206201
352860 -1
230978 80057
59591 119506
121617 182823
564390 195067
-1 -1
53093 78023
418431 587824
302406 66642
411633 505974
215619 37853
258106 586306
158830 320359
437383 494025
160076 322072
55993 596620
253354 64522
58870 162213
206836 -1
511878 520263
17325 541023
179327 298698
441263 368217
455888 167207
294702 85223
399772 296523
463778 18724
315410 241985
102906 512651
563892 172908
352453 341121
82120 287470
140458 141988
56469 373300
593795 132855
324896 423035
287527 536000
428768 436456
252986 566549
453112 531299
627288 18280
334189 506106
-1 -1
369001 557737
206608 180099
71512 507439
618314 455165
51012 172833
135583 514517
24005 365091
276819 24976
598698 86110
300403 534160
559019 619362
250132 12353
52173 223917
22552 622782
8662 600435
395711 158229
476732 330673
31192 58234
159923 333703
610922 -1
167312 480799
498365 533430
248493 -1
439220 308567
322480 570670
181549 364839
568394 -1
195799 194083
320776 -1
476300 178777
450616 -1
413585 353813
82116 117713
168214 12681
490310 236130
16652 14630
160577 355646
108407 518731
124062 -1
365355 195635
615799 32776
599817 39498
104481 18724
468996 555284
440135 90773
313195 480710
327633 572463
375909 170031
205737 429186
96747 451453
123961 221029
614868 12256
213370 315075
285040 611392
626367 257155
558358 -1
564153 522261
232103 439378
507319 494637
475171 470132
44732 445926
51940 116558
617782 106596
275321 478064
141732 609094
285420 324030
548488 -1
199993 417994
287809 100302
213069 27844
138632 466688
74380 336572
568554 591625
326260 422157
492649 60783
280776 268674
82971 256824
191508 542655
213983 446232
354420 235644
343254 145557
348125 368773
145765 331375
250717 353002
354998 256133
600598 143247
301786 601711
429739 428312
544479 -1
119504 306945
134295 -1
403500 555777
161960 615855
338324 232192
239607 390952
330530 513153
602875 560507
538814 245267
474217 125511
139975 118418
60081 27727
404846 93660
56328 570223
266377 331627
352993 604326
283633 -1
528156 528137
462313 510432
333679 446950
3404 581619
595394 358389
171363 5646
544503 305261
539765 588343
34345 -1
172030 542047
364040 473047
358435 145551
452587 41983
625588 159455
576754 167836
208785 268022
312188 391405
101897 286296
569202 588947
405687 434192
99204 401891
603020 493775
392676 421055
281317 68985
25460 228003
557851 296078
242500 50837
478064 577890
394588 9853
458733 578945
386546 243002
144555 428353
286150 550769
386551 447728
248870 444093
272270 69015
99400 339866
260399 502718
272509 264817
66000 355377
445702 399852
95385 146004
534779 300517
241512 35435
215806 235784
28981 96747
240237 608628
212060 362747
544646 -1
231775 311691
456018 603882
406411 168590
560260 256824
265026 488263
251 170663
240010 265501
469835 255430
32492 137212
70463 219897
609721 271607
223755 608717
456376 441451
112668 100302
386621 588629
398884 445986
299119 272218
360086 170117
579340 563862
625426 211980
103729 340189
564429 418042
349974 624166
345944 137075
462431 145557
319946 208888
224400 587061
601512 228118
340532 13634
315410 86007
332647 277502
243561 7306
599768 96903
386551 511260
464681 571332
76710 258881
218651 381115
111035 310662
492684 560236
3404 311297
552633 526144
188662 90135
344585 592189
565779 47741
38907 621600
421783 189430
213105 -1
433639 -1
172664 478749
378711 503263
620689 433639
181515 218908
158139 147119
492138 328328
242277 347072
29903 432625
71808 73657
578037 331576
424633 277443
576916 392340
84033 -1
515387 485341
583879 389067
894 527561
165861 418084
602129 120983
487508 213216
234506 11134
615421 335215
625291 623691
445762 269423
147922 347968
40378 416029
330530 163420
55187 279934
45390 318557
5137 302507
411714 333519
8662 330668
25756 93417
45078 610257
301786 601711
596110 178601
517875 114407
289044 -1
280629 534245
409880 176595
432735 548488
617490 240988
56421 190758
288973 552194
343841 104549
206465 71655
500637 133922
421456 -1
354998 203553
250101 109053
440010 303503
235971 295343
446559 64522
238832 421783
163712 390583
329636 230433
218908 534789
180553 419801
352993 166553
78429 63914
513395 181949
118135 46040
106489 60081
207005 398884
322140 317143
173285 42868
610496 17424
98107 113039
433363 226828
267777 287470
461494 161227
510875 311786
440533 577344
362371 -1
101397 530941
43752 411022
109759 381245
280205 335745
450322 179083
462431 94914
167733 585295
559063 99923
55475 291812
87371 336852
573012 170149
32612 45051
172355 22487
235644 114006
44732 445926
614086 390252
84836 242121
23447 37208
540394 443033
572952 440533
391244 322424
345640 106715
623776 -1
10118 362437
491243 332008
451128 605543
394505 2461
343411 523142
377010 433127
32848 464947
255430 357464
179996 605674
320573 361882
582035 501499
446305 -1
562259 113099
298012 55550
311561 451060
330783 482378
356503 -1
255764 342981
527938 254943
405456 -1
620241 92715
559465 155328
90320 183939
72046 147553
236387 185273
618914 325593
226086 131720
453112 531299
264291 558589
12 358939
90333 498952
72083 310979
153189 222407
112705 338958
125387 305751
487602 235644
335360 375232
329717 367494
94914 223693
492668 77995
5026 336462
215404 -1
564007 521409
114087 445101
533409 603109
551683 430400
482282 117765
408898 -1
33701 342915
599435 545628
305367 149496
473704 273074
550022 355382
453769 541276
162291 233453
15784 288644
101300 279249
531236 11521
9817 276597
293380 377578
216499 306908
587507 305443
4214 4399
336955 487462
33062 430008
376867 69309
310897 -1
209503 620949
13634 298987
516167 101800
453941 391244
103884 235938
-1 -1
71269 420904
398547 378289
418596 178833
443792 444120
59919 257262
503770 604414
385447 274195
134364 17325
245766 540327
264770 390127
214459 248192
136059 529216
359507 260258
375563 468996
388428 130918
17498 621368
500898 72046
264518 79451
270261 332267
515074 213983
287895 563023
456639 295823
180447 15596
507727 40779
252986 497278
38107 459481
581253 623691
419852 72412
543521 269735
376436 142019
77086 604473
70359 86536
593925 192590
238031 592189
329295 39712
286317 460643
395841 248246
292372 60239
216506 335445
507727 102906
511004 356041
265228 352012
11200 394958
491243 243600
437346 86732
189879 17079
465145 581126
610505 2449
422342 -1
261118 424120
318080 357901
607808 88631
110417 461927
59086 580939
8033 521675
499797 71888
347951 60239
185212 166919
224754 527617
297388 239261
183608 467637
247627 354834
444351 121203
540727 23666
88431 324242
220816 355618
61831 61480
2742 414462
159571 472745
434631 84545
624516 295768
553420 311339
323080 51951
69171 483687
86612 -1
477155 153048
564299 4214
508640 282117
25756 563499
422354 323505
6041 217031
173761 355722
159115 365165
88905 625414
46613 418018
471890 322939
441814 591824
8589 441206
335890 154927
302174 198296
174296 421323
68127 38550
56949 185770
382836 465885
581687 -1
456400 229853
337762 465145
87134 134253
576167 481512
565661 582902
515387 485341
86251 22173
532849 194351
242712 383349
21689 495783
393854 469971
122508 558645
594661 428838
278761 508248
257154 48051
528585 557005
173002 -1
220607 615504
317098 599989
185192 -1
279249 23225
341121 189137
419269 251748
446768 313465
377681 196117
75465 199079
248000 -1
560771 74331
342619 43760
362713 122508
460161 402576
267210 487252
85458 120659
362908 541911
34817 363453
582678 351729
319523 467919
460381 203036
624906 461093
322853 209084
209742 229714
18255 574518
170676 233021
303644 466688
230515 -1
348317 349774
131277 578558
283366 236118
549989 434696
329295 170275
311035 132852
425088 48138
382675 433980
433381 574690
419852 251385
619768 177178
246554 147667
526708 540218
260485 392224
445396 114006
195040 -1
236532 29055
3101 352314
58232 94246
213423 437406
608727 114871
273686 -1
507046 614417
589764 467919
122756 378256
537852 104143
592748 349619
321780 17875
22421 386853
525643 316382
490515 66323
96732 534699
86887 309471
481743 547266
233073 229537
6108 86923
256522 395128
290863 610559
379506 401277
367160 374815
-1 -1
544860 181263
11049 80619
433792 403276
584808 237356
357676 314743
259020 177024
144961 214941
262962 422775
115507 127620
609721 508315
575975 393854
493162 569362
504440 570586
343841 382210
190287 626181
115840 357543
66801 431894
545856 307168
305351 132294
69015 529860
369905 528489
189891 624516
601512 571292
147599 285108
510329 122755
422839 92114
521652 478264
207889 286317
252336 583184
495968 196117
438463 390009
159077 244097
61483 557024
30807 21023
468696 89887
529267 233576
289088 531586
489506 95167
363540 106859
284514 297080
205867 57267
237959 115827
105674 50521
602023 263159
518534 421947
396701 451429
85462 244816
9955 560787
256059 454239
441196 388238
294404 393593
615688 201126
293279 424924
360539 -1
268022 316382
547247 400213
526336 48898
562784 149862
40378 416029
294578 443033
628088 154122
42796 545166
21523 29397
561953 -1
43760 593001
214459 404797
237912 361809
47528 240374
444615 275153
372037 551451
346546 298012
16065 228451
41832 517056
316914 122312
138824 92413
123825 593857
46181 339139
588343 493925
151913 495924
512174 56950
164630 354078
348317 80708
496723 57292
108056 -1
162648 90257
488694 557468
412846 16065
565440 53139
435173 83571
12353 475211
26702 38174
62655 497763
171114 161528
252986 304940
607353 353192
305662 50123
331386 599700
184132 619038
318846 69254
473316 526945
394505 117603
108840 554993
183608 390583
104143 479442
569348 244235
516087 418909
337709 98398
23225 101300
590471 123504
82526 128250
437998 147975
539564 472123
260214 231775
311619 176442
605724 277200
42796 285490
231986 -1
528585 149104
129810 456434
322245 326984
615421 335215
170946 196525
82 414687
121613 521382
557277 259020
467863 461171
469835 129857
85858 278987
152856 43331
276981 192344
406756 483727
417539 18019
152120 546125
258320 307168
87046 178810
312188 411269
607602 505974
149526 291824
410499 476282
122997 -1
292713 -1
619419 305062
-1 -1
580284 341024
607448 215342
74315 171273
145318 99114
512908 11270
31695 573071
418391 182324
159764 238327
275727 76692
446446 345291
34988 43760
427495 160859
281149 429080
172355 354745
535240 194406
624996 305062
350937 -1
34419 437924
481596 185010
400374 399436
276965 278318
36536 367656
627664 355285
9853 396701
138632 86864
284327 197027
384094 102561
48393 83803
602843 329883
230924 251613
549740 60717
170694 446719
148342 180392
581304 447543
597274 511318
230765 1795
274251 77189
295879 394992
315410 86007
625332 566630
181520 182031
9504 465
465276 283130
611243 168586
476218 122725
393504 62307
274834 563341
195014 -1
18385 60081
369153 51595
367911 143638
305845 76282
64126 578945
338968 580873
351315 444437
184303 466762
234160 55157
337014 245632
31813 210223
514272 281457
434623 431592
536023 171538
559282 356681
386240 476166
126889 182933
479096 118076
621534 2781
439220 514445
572528 577663
34138 471658
547503 554668
82120 337285
517694 70551
562983 9857
388688 567252
456 118641
474127 52173
12665 168265
5911 -1
-1 -1
437383 494025
227502 -1
332647 277502
43760 221867
113309 188682
385375 3662
625176 126439
615466 70478
579452 104248
257714 244114
39897 139830
28950 163954
527152 84970
261582 571442
8320 15784
121373 123172
340012 7747
99263 392620
162564 365973
214554 124872
605784 310979
10501 624515
520512 179529
257154 364376
621534 327505
533934 613075
337621 277706
359507 585453
9955 560787
179529 258102
120257 465791
374058 313521
211913 352326
249824 579399
444764 479675
14412 273328
595054 361416
518044 345640
309678 234998
-1 -1
534245 159125
354834 167478
215663 328451
398944 171298
431651 153907
257935 8273
443776 124310
378046 568556
502245 12705
481591 167241
185139 137299
533409 603109
545166 327633
464020 542930
163817 -1
509690 537917
349974 16485
586306 44592
442269 510875
595410 519270
818 -1
593006 73532
587038 519687
100627 530202
31695 357304
552092 555348
135161 -1
587701 360915
237772 -1
442976 569202
573149 170072
40481 404479
378052 332640
456284 52922
67941 526717
76534 104765
482282 64522
606581 271153
374766 445474
418286 573958
136303 -1
445396 215257
465231 493708
8266 248000
394424 591016
168418 498420
324944 445883
249471 247795
53258 259759
303270 68348
479370 -1
528376 302300
554790 574507
45163 72072
209158 176831
322072 325043
41744 15749
627288 146431
589809 559826
147729 342806
144046 304697
431592 443033
254658 209528
490906 31053
449909 136572
346242 391168
331576 523978
311786 437922
324896 383773
340250 621187
55993 144961
210229 175819
588619 393845
566765 154014
179083 5181
163047 386108
305062 464827
265986 520817
376436 142019
213681 536636
374979 493479
73532 391163
603003 -1
76501 423996
574522 449114
345839 288644
216080 244945
215663 465145
332647 277502
607173 188691
381647 423701
480617 345161
56632 339760
587664 578317
253354 572028
613999 626272
567407 57580
115028 260407
512948 343328
143247 166733
519389 576851
456376 561682
316759 352478
508780 135890
89541 587193
16065 -1
420888 617687
378071 475472
545502 523606
9744 51161
56469 167478
267210 492138
391405 335071
395399 377770
615688 216602
343872 478371
202382 -1
522261 153907
98370 577339
355461 434178
162033 -1
373247 433957
18385 8953
26783 83798
393504 62307
549814 386459
454152 417417
172185 621036
20938 32061
49173 306370
397643 397036
60800 86719
41373 512802
242742 221246
189103 369171
463044 376972
335200 141011
267050 542493
103729 95726
7479 453155
228451 563620
516087 243505
-1 -1
267822 134402
411714 333519
106489 524475
603166 304550
202184 112503
508852 450311
80853 227234
557005 66268
611481 371549
493752 472202
576167 592748
225199 426202
100223 235816
78125 151098
189884 577382
10466 566765
334743 145656
384059 271308
18642 617422
215663 420853
155032 -1
539765 537131
166080 371932
526717 50028
265430 56204
102906 504128
437346 17456
148582 559424
335740 -1
587641 166316
499566 295482
109053 444093
237959 398884
623087 160575
57135 49461
39488 325266
150785 181971
358609 586082
526965 61831
168214 489240
481038 269402
258516 359712
480748 -1
441348 614931
13646 116700
8677 72824
617084 114684
627383 232915
478064 442054
342733 624359
129810 484707
113756 575942
9768 438332
243892 273732
300288 386980
300346 499797
349719 89285
207787 251
53258 259759
97349 499808
165971 112737
580061 15784
87046 178810
385489 102757
434035 484979
252039 418047
380386 -1
289088 531586
373943 -1
345944 74907
246981 613785
470514 278405
533934 549989
260329 -1
267777 194865
106596 355688
577221 165971
566630 503248
391897 145350
177665 348540
13932 583431
236532 541369
248764 602049
41293 479818
48944 10757
179327 20892
256893 279584
129398 328751
441263 368059
293498 296073
540908 167735
308766 -1
449214 72939
277992 214470
438463 216753
292547 518470
411787 474832
390583 542685
271806 -1
353885 65105
334189 302740
337874 249253
77692 -1
111581 351804
447335 620040
350118 558171
179890 487401
271995 207968
557387 304150
440010 303503
338260 182972
342982 7231
22552 622782
22421 255430
627383 165861
478302 73751
79605 470514
286684 304225
317098 609951
41722 102684
564587 490201
26857 390104
176971 329295
82 235835
45539 233769
260485 311619
538900 280985
158139 606717
5181 232133
446119 211197
168265 104559
578503 337762
59309 59546
583335 45907
349974 16485
603129 -1
428818 12626
174148 275642
479442 434598
366110 12904
86923 314250
338327 304635
212903 302720
499566 217031
58302 605941
514272 281457
222538 311339
615870 520244
64981 572528
295755 453669
170520 221730
503230 492987
33733 -1
406275 516436
253365 481097
621187 175322
366880 399852
-1 -1
115275 224032
520512 179529
265026 42868
487761 551146
46624 73632
234065 389157
524810 442101
226828 212989
349638 346190
80095 66268
3101 352314
525089 80057
570140 18324
132903 224298
434813 142592
165159 599603
98435 54491
614855 230802
627398 290863
163954 550558
487463 363323
383744 391104
445383 337139
255669 466268
66132 369993
502286 62339
71888 152141
108407 574106
187732 382301
436456 275153
479487 523377
400390 81470
35804 259916
315250 165596
480710 599373
333810 308034
235816 608699
314805 39897
169372 248642
559063 251182
97925 409376
532927 487761
255088 556530
23885 491668
549434 663
445396 226088
370890 -1
22596 5351
44523 346747
134686 118909
210168 10010
531540 530221
443436 554395
181515 311063
521675 8728
318528 490423
617552 511260
31813 -1
337014 516467
196888 91327
195527 230360
66801 431894
394530 625391
408255 251
78125 520153
162480 105928
133501 151105
412987 412543
542413 220607
295217 414462
395885 600860
362713 122508
379065 428187
123504 111295
307447 626367
313761 149710
608545 334983
76019 565229
291066 408536
543843 482378
453751 447482
207334 240612
518732 609721
224821 538633
321780 378917
330530 542128
80584 582248
626678 110281
131763 130423
211125 51455
172355 16414
316021 318836
157550 -1
223862 287399
613075 443009
416682 305158
268001 625576
81018 16652
68770 138215
191788 480710
224167 15784
68995 296027
443106 328165
377721 361074
276981 239082
170366 165706
84623 542413
550901 -1
53395 137792
-1 -1
179966 75808
485789 42867
129552 22060
607121 162962
382836 7006
517413 82317
10466 83316
314250 288996
598397 560976
59212 165832
542915 364664
456049 457044
375521 427215
104702 514142
7287 216499
475234 94160
351042 311297
102911 190164
60921 131562
354339 101020
223755 608717
361041 432706
144666 218327
579165 363594
235733 145038
478124 7942
501082 583159
16065 63728
170663 346747
46518 168994
435173 265501
148115 255020
46613 489625
331386 322480
384094 295820
566483 594374
410907 12524
516436 165706
107818 209011
144418 383714
352206 361132
181570 173627
133453 579419
260329 368831
177393 401987
574670 532972
390114 222344
574507 287909
337634 53395
407819 70844
274618 -1
463106 170682
525643 395965
376862 368619
314768 -1
229714 28480
95385 303240
566483 599
322853 114053
358939 193169
431651 576143
295879 394992
127006 324218
10118 254690
450455 572528
237237 426824
21689 304113
209934 564381
60578 308296
529860 181520
386669 578452
123129 287560
610043 128654
425586 -1
77995 595515
167198 483270
172353 575742
94431 541024
358630 277324
407008 324721
284384 190211
292645 347951
320288 479442
567312 -1
68316 185800
57525 275321
199750 -1
474934 585817
53366 79209
585237 -1
584625 468024
195799 456830
947 22452
360354 502385
537174 116925
244097 625435
43891 124136
130920 15492
498365 18849
213370 421640
256029 302780
590287 294192
181515 248493
433197 -1
213068 386269
213935 166764
173761 310213
235733 145038
469904 405815
157845 298776
235214 72339
222333 356681
55993 615392
346820 278311
372144 -1
47341 -1
256893 566282
560870 467863
174719 467154
65681 467154
265772 300471
380549 91219
75465 262952
365355 -1
9744 30185
30423 213517
380957 229159
282593 385703
349001 100422
240177 186457
529994 499400
603020 493775
429739 393479
205841 121285
554434 464220
139745 357348
258824 361993
80751 557427
-1 -1
507727 264395
322332 57258
231775 352162
286713 577450
295482 445883
101300 279249
114220 311114
474993 259679
446119 283925
22665 -1
515910 58489
518608 567407
612428 547778
112668 563862
179529 146362
156397 177033
565779 214459
343841 95534
213828 541839
376746 450322
574690 621863
282524 223871
342038 131778
434623 282401
493810 559014
6107 231041
152856 165691
589077 109899
527152 84970
212340 568651
607173 188691
255088 154014
125901 414082
83614 182933
295482 512614
608178 593795
512816 234388
341761 463104
517739 418354
59919 220900
467490 450311
14756 557526
211452 445114
126478 348540
574812 485119
16065 559961
160577 143544
251634 516311
554468 313705
103018 512139
570792 600895
385331 448096
271414 53920
219897 181520
184720 135884
512174 56950
109306 557339
51087 99140
598640 51530
209503 27137
287909 136142
321293 527759
126425 588603
149862 344296
389891 518456
258106 11144
24543 343007
496541 599092
30173 474492
330530 492138
596938 149233
39392 -1
250132 12353
568663 28214
592160 492649
178618 -1
288324 390641
184537 381690
78125 145077
610798 45723
483245 236525
581317 234065
130236 445555
476127 429186
459342 171363
10434 582035
490287 374492
312188 245924
545175 428327
177767 391980
563862 545693
606143 41469
107818 209011
11019 -1
245632 135978
235230 369269
168265 534677
580937 338958
25280 354420
355618 458777
433653 -1
213370 358939
122113 332544
623939 403544
13582 47019
395965 387280
100750 106443
359823 -1
599 125889
126081 577480
256059 246792
625830 238965
441348 614931
83806 269474
433589 533676
203976 434223
161246 453946
437383 341616
203976 434223
4629 383744
294404 377042
286796 215179
4194 279613
38825 602013
155911 426412
533004 529860
577890 184949
555821 77588
57441 536636
426824 447309
321307 338260
58118 503696
560359 602114
484977 617861
88739 305170
391134 557605
95285 604057
83620 335690
607808 464778
59951 398098
428863 474201
121617 182823
592078 205737
264291 558589
294438 113373
217297 107619
498280 474934
396200 463558
481038 269402
306094 190226
340532 225606
4526 163987
173797 629513
214920 336295
431674 515995
125889 109262
619924 73907
28950 440052
492649 304161
210551 541935
548010 434388
226828 513861
146721 -1
412533 254671
282334 406751
505663 483961
150088 224979
127413 -1
347728 580939
159125 166970
66508 362375
625414 162213
22552 536023
605907 257115
539765 226766
99725 509800
345065 455632
521685 265670
124310 15492
400551 307889
379248 624652
164995 584625
286239 322240
66000 438956
52572 480710
578297 174334
162507 569202
87933 507106
563928 277824
497242 446950
336744 253694
445934 597108
514658 37829
149746 609965
511260 44147
206983 132294
134785 344530
622593 356297
555284 313988
23212 65047
13145 610580
547771 327068
527162 225740
19705 249444
118331 10757
102926 5646
226341 217220
26041 572434
434178 28184
621534 2781
412846 311619
291105 9488
422046 138859
41158 173793
311339 525643
589257 592691
246230 607741
528376 17132
156238 76774
146004 69735
329883 560146
422775 224436
118691 514176
213520 -1
553982 126106
301477 339553
440595 67159
320288 292060
336318 324004
601571 -1
212885 83041
476162 436551
17325 549814
503230 -1
240163 213828
624855 373172
330315 55581
403811 336060
362468 229159
65681 531819
390935 -1
9474 56328
53139 463202
536160 426218
255764 626378
413821 356439
77799 574464
65105 -1
5138 112028
153868 425087
278485 511960
399646 339326
535688 174334
513256 -1
138530 473269
13504 -1
278987 -1
78279 549216
574753 498844
-1 -1
445721 170984
158229 426459
503250 616211
23719 120881
14412 627079
438722 109491
587801 126527
110094 295347
478302 318651
208785 485460
577217 415850
63123 349619
288644 597076
207312 382248
9499 169373
184720 300280
587507 593795
223426 76171
512126 457937
611831 228653
325871 476969
246687 627398
127751 396979
271293 587259
178200 -1
340484 27819
481226 172390
239607 28432
377010 433127
219420 379736
575777 286317
270323 311633
499566 374909
120334 221429
613689 -1
433653 111163
90933 -1
282593 385703
21110 207312
587507 235230
443652 621600
582035 363221
70911 -1
477516 188366
534699 452831
350874 599876
565786 522802
172030 285304
10733 13739
111143 237492
117829 118641
312185 9832
607353 476906
356577 265059
448815 351520
407514 28485
128920 314592
-1 -1
104120 452985
459067 66657
337709 223541
170682 64522
95881 566601
466688 71023
274022 121414
537966 52668
475725 71152
72260 98438
613689 11342
581720 314145
525499 426580
485119 624415
604482 55652
438463 609267
406835 57820
601571 502390
578037 99725
-1 -1
339323 285280
252775 387207
386551 158636
424281 136748
282334 314592
450907 69421
4010 612194
221775 541541
359293 433381
118920 447790
265986 320573
60783 454858
428363 58731
293527 142879
602875 504098
335493 572528
524810 380649
362391 310949
315250 178601
-1 -1
290963 305011
27007 261090
524728 1928
443198 576153
119077 381349
525131 325826
390201 177509
382836 577339
526408 283482
563921 69735
459048 242742
209742 649
380957 605543
88914 34300
546253 200790
338327 242716
589077 287809
77654 226674
253365 481097
13739 430330
556564 346747
131763 88619
314858 103203
15600 169627
122113 169649
148342 453981
445477 -1
418569 180546
8033 429793
618314 7942
168590 99045
161015 201301
340250 73632
9474 428231
133766 56740
617562 400932
80820 305224
162361 194865
225954 374154
583034 167593
214956 177444
336318 341046
582248 606581
2332 3627
83614 187747
24910 484156
309883 507392
293174 64126
480710 12532
100157 101359
88997 105906
293257 273105
450455 300857
86864 475323
7287 57719
271291 94382
548442 306507
356297 603617
456 75180
115275 397593
520244 205484
40985 395771
388650 167361
7486 495827
580061 97374
366611 511989
367322 511878
317887 306156
445555 44103
456639 366549
71429 459627
303674 302447
543958 600407
355924 547909
98388 343975
583237 311200
15976 87785
259916 577511
121373 435685
249851 579357
540350 53395
278838 72858
294475 320312
394505 554426
248493 17132
123557 301085
339063 65942
72260 602024
27819 298319
400737 -1
76750 551683
235636 242966
398110 396671
624515 211913
436551 460474
8525 560417
386085 -1
339440 57135
13437 7231
268124 375388
606004 67338
200310 104945
-1 -1
606581 319532
184720 300280
438332 80584
342088 37836
105725 433729
355353 -1
188862 437216
259495 -1
52173 263417
442269 445969
417516 282441
62728 320229
148115 396200
497955 392296
490988 521878
371323 78023
391244 322424
259381 144283
44286 269980
442984 106929
471960 555712
270167 4857
132755 108821
383279 354811
7678 225017
230802 111581
16113 106664
31192 58234
256553 513446
577382 592411
523082 201126
592389 185192
90935 -1
287560 255430
329637 16527
453112 531299
294855 563559
277894 -1
13504 126702
162507 519087
426843 663
282117 509288
418286 92715
2481 596533
10466 164763
368524 492103
579037 274071
88619 620698
219701 203600
445721 487602
215404 -1
277864 374909
582173 54986
208298 289286
516311 621368
574758 602875
114162 424713
443033 602826
592893 174221
538633 482831
383773 357599
347728 553321
582035 209675
542581 252908
322853 293348
586715 31420
75721 560632
312391 10118
38174 249176
317887 182123
156499 230433
614389 372219
92825 12221
521411 87785
562953 109083
279845 154586
318 183947
245766 394424
188662 52904
166080 57281
445866 112668
292645 200700
288092 382808
66132 572160
158660 228364
108840 554993
69171 234723
143377 76710
280881 596733
625678 376862
587664 212903
422775 243246
296910 106205
320602 334782
376746 20041
479438 573067
374766 516364
12056 471146
272509 568171
168590 560771
161960 615855
27071 498626
594177 404118
224270 230087
230087 439974
355924 547909
76751 429269
217477 7152
522261 34985
346473 425088
478710 67159
415726 362097
367656 232295
586368 120949
425758 -1
85258 192413
242121 246867
603869 50361
176744 498844
380667 388321
462958 599768
446415 454482
379425 565852
211913 491973
256059 246792
238185 597368
708 6196
133382 126672
80382 -1
550797 436551
16652 -1
41516 170275
433159 305715
508852 244225
570475 68226
221247 403437
65105 73532
164088 140882
579165 129971
238440 312319
193216 170366
339221 177870
86003 465145
259487 175165
287560 220480
171032 276597
414335 384486
256147 578981
374154 323999
68746 472234
394294 188862
189879 17079
442976 157027
245766 11812
307485 155315
90633 604781
198296 161021
120807 4029
439220 92402
8130 399618
6957 606228
508974 271811
336682 447815
575934 537917
117414 604297
552092 555348
374412 378991
368619 345997
41343 389441
264291 540327
95881 440461
187369 603016
478534 490747
273824 514520
572528 577663
582035 215529
309678 627664
306068 70762
145372 521981
355377 473269
340992 420888
459660 176744
535386 557831
411714 333519
298159 -1
562784 504477
615114 283273
163300 461964
464020 81155
57525 504325
308429 -1
494581 -1
74726 -1
398790 19047
9154 9955
237070 173002
362908 541911
171363 558841
165691 86078
339440 441766
517739 76774
391405 146829
469149 473801
37181 233791
596309 297417
181572 272677
433298 153189
593001 126510
173002 -1
35975 440643
117881 416646
94914 582262
453155 142650
352220 368763
365037 567620
92825 243600
404668 182817
313729 556888
348125 221029
60389 153048
374544 -1
233705 544503
33676 259618
247615 46737
156397 72260
362030 518365
580590 380985
610505 253808
551866 434695
131562 221421
453769 54322
126355 106964
103510 358569
324794 78616
486918 67629
380985 393674
577214 230954
281642 199445
140863 13902
549434 476282
162507 399618
468326 214396
8728 269176
319733 236577
581436 613999
529787 304161
572399 -1
208520 581297
269055 378550
170366 440533
517478 129570
18255 574518
569155 549496
553541 64817
266240 245497
584290 412709
123564 554554
599373 457577
494574 152077
238655 51152
313223 309843
80096 625830
247930 356301
75980 435150
505521 308475
273950 5917
107802 114162
482823 510397
158010 36736
116 184838
317098 468682
450311 329919
140882 62715
541381 5448
14756 202114
457736 -1
304821 113766
157278 -1
6997 16066
274322 209158
542655 197122
4809 467536
255697 369222
271847 418151
624996 9474
379425 565852
284964 191406
447543 549646
530941 625426
65787 82824
312723 128806
235816 608699
23447 37208
355625 174555
91158 389042
467280 393225
455077 28981
33701 894
581304 129857
221040 430400
71655 95625
356860 560522
398110 576587
607808 464778
386980 525643
162962 354834
306818 513339
591579 256199
451907 335416
203292 389999
77909 254017
534677 205867
491973 557501
492138 301477
351634 394263
289022 475234
95385 303240
23447 37208
299835 499566
20938 595410
217808 296017
550930 466663
88244 617468
110704 435479
187006 148461
291782 454888
20003 86864
608375 70904
572429 8589
583251 100107
557851 538633
108696 452815
520263 360873
214514 599726
435733 293079
61483 78157
372253 255596
306862 564849
62988 535290
207889 143861
185192 69700
134364 307889
570584 389990
267210 347987
172400 419840
405759 618449
545995 34419
235423 402093
438986 390009
268648 55081
584140 395586
346599 280191
66231 -1
348692 10195
28184 381684
435309 558698
170676 233021
139248 259495
395841 280205
343328 -1
147119 479814
617084 114684
176831 210047
228594 -1
62043 418221
295482 151406
37297 207787
113252 123564
162291 499353
189884 145207
51214 119636
525643 484282
475171 145777
551788 523978
82047 310436
16113 106664
176831 112987
311619 414258
180644 74550
412883 200903
490988 500637
565964 256089
563400 -1
340484 481624
54498 442522
368479 279015
539691 28438
368848 485859
181039 382669
401949 115741
593920 621592
542029 210121
275153 284885
437998 347078
309392 428434
543442 377378
607808 464778
449950 9990
203600 592946
449214 7241
534779 353023
450010 365165
68127 550930
556080 255697
215136 88905
181230 547040
325975 46455
479142 568784
306862 564849
88914 12467
257899 487451
302721 304550
92715 362373
302758 22621
557427 226939
100813 441602
204749 603289
462958 447480
291066 612722
334880 266830
429342 18923
444152 303712
130579 188774
337429 76750
60578 26857
574647 -1
33744 617351
229807 101197
131763 130423
146004 179083
218753 214056
448260 483654
159095 558855
162564 365973
80547 146843
603413 67941
153497 49426
600293 202101
335491 -1
20503 -1
621473 285351
32776 43826
457937 79681
224287 166744
374169 84089
85780 178896
87046 178810
129971 117333
386524 580061
337014 574084
516064 37046
85048 -1
310899 103894
308319 475826
543913 583237
492850 169333
425506 127751
540271 334289
495783 36587
390768 154014
419383 443193
215511 591076
105525 572463
234936 91219
10118 418596
258928 608393
198296 514392
-1 -1
186720 618105
165779 49873
281317 532512
125387 499287
403532 521957
16605 588343
566480 582479
553921 272509
467280 393225
611187 122994
208520 193983
468013 333475
243561 7306
320288 412178
454482 322853
579340 524475
439463 380549
45911 316959
625291 50274
593207 -1
77588 288644
105725 601889
263169 -1
534245 188582
224400 355924
186589 256850
210229 399172
46518 202114
560507 550856
101300 279249
153468 558239
137075 148589
76520 -1
384197 31411
474491 31252
356330 349757
204078 275316
327225 310333
37696 621473
147922 559465
495040 205415
180165 172506
80547 238432
444343 387519
249851 205349
431933 134063
588770 611394
414335 384486
117881 241895
603940 441288
163824 214056
270303 542935
535957 437758
-1 -1
139905 -1
267593 170663
284384 170473
492017 576840
177767 443652
172714 275825
492668 583184
521411 294114
296523 366115
14756 354633
502731 588619
566764 312721
292344 495484
484977 93648
528585 377721
570306 569809
170072 157059
341761 172030
317157 80612
279015 395488
299245 612410
63443 432819
14453 -1
287084 450412
497763 610195
33744 206618
500723 327068
1520 553921
435150 252314
44147 71655
129003 41516
384059 271308
314805 39897
389725 611026
261301 300128
88914 256419
552198 451849
277211 569809
6997 511341
386524 580061
390009 261360
301150 156335
44732 445926
10466 457403
97882 581030
334189 589809
79552 422664
9310 574464
421055 474978
314805 39897
226088 626941
394505 70359
53490 282781
205323 153132
297388 239261
547771 588629
487963 387332
457704 -1
17132 21523
274071 212291
283015 24191
141039 458957
591579 255532
279887 258881
247236 608218
344057 257808
287267 270750
32478 399566
72260 523465
361068 420582
526717 374544
286453 467127
543326 393846
309198 15811
622529 161890
398110 85817
366774 219701
148582 351121
322480 50710
536023 431674
588603 -1
9832 126355
619941 241687
580146 57945
615242 10098
261360 394889
604371 499774
328958 224367
328328 278902
26974 144666
205308 529860
621448 526652
329612 558855
246690 309765
209158 229651
71429 -1
438022 601356
404489 215663
248543 321012
388743 475093
466065 183911
479838 87081
594374 305121
99134 333600
531377 443185
505974 264817
528585 105941
475725 71152
91597 116
173689 313406
362747 606187
161351 26857
527162 627901
278397 -1
51595 563600
334426 377378
101360 414493
234723 381970
347828 143951
257806 560856
615688 216602
572947 621534
440346 202167
417417 95501
473704 193403
299245 343587
217632 560820
246687 74907
86864 475323
204909 123720
441056 135978
165949 166553
465764 169858
226341 296312
100813 441602
457149 546254
303270 99114
407886 607909
287666 284327
382348 295269
390252 587507
517739 503497
13263 192397
103018 592567
583251 78690
37126 139705
475171 2461
234723 381970
356301 580850
426173 9832
559709 290840
305662 224105
57170 380904
211032 46575
623564 619759
50449 547869
136185 570870
613638 11156
333533 24015
169221 419801
180232 239949
27475 461167
509118 308475
221421 176764
223578 583034
220816 355618
306370 344245
74855 67768
123825 593857
608178 287470
433653 88631
548677 77516
460070 60767
99541 369905
512892 498922
295879 394992
342380 574515
592389 183004
320285 -1
281114 139091
607139 512174
226450 72337
335161 433805
7678 600227
592763 455563
48896 519270
116162 102782
322750 69502
496541 599092
246539 206727
231033 253690
162909 391939
507319 611145
213134 592404
625414 426148
569202 483244
420330 202184
587741 580430
471284 -1
453769 362713
338798 491420
285378 -1
51012 172833
26219 23191
607139 9818
423996 575339
480059 47528
358435 145551
556154 567928
101283 258881
454482 461625
139975 53490
490310 569622
221206 463570
549082 358499
420924 21386
19419 86170
599811 128024
225742 311035
527338 608524
142498 99124
251634 315050
86373 75776
134368 514176
-1 -1
49509 44770
465822 581779
284327 197027
621496 199787
514840 337162
224979 270386
465276 139936
204843 57580
607741 592189
530733 592189
261510 -1
141988 480708
340250 215136
459067 420961
66508 362375
516199 420234
229903 404020
11539 257714
224669 269163
93608 182972
622230 3049
95393 296875
46455 359369
154443 328126
515387 485341
339450 615027
431592 130627
14412 29479
180892 243098
478064 366306
626367 -1
401913 160646
310899 418018
587507 590722
196195 594286
465145 620949
488694 393872
448924 173671
313195 229926
594661 418036
316912 32647
614484 156033
171100 389725
176810 5881
216631 314549
235733 145038
290666 286502
370544 626181
238440 278761
100422 -1
620005 621766
232971 544572
130207 78125
126867 530227
156397 124872
309678 15024
409971 417994
175407 627752
395473 296003
78125 142256
351315 444437
574647 72743
154122 370554
440346 495100
449950 9990
204943 531562
91327 39814
165779 172400
363082 552633
625241 557647
222966 172325
49173 248841
232295 463463
614086 473277
602670 12112
386551 540350
5486 281317
341746 256681
252336 582035
526408 200627
13902 354329
286796 374169
67159 63787
359388 582289
557468 326828
144376 540831
51571 548712
305062 393922
499571 106205
605561 566272
525283 49873
481196 526258
113970 139237
242024 -1
108970 445555
389990 288468
33565 418101
579852 7682
528816 551250
310124 163954
474885 26215
326943 -1
220100 170663
359265 335654
250847 120892
317526 -1
123504 91321
460753 120975
44592 396140
607139 359793
372171 230087
535422 536636
365037 1683
481653 214598
17653 259057
181515 271976
125901 414082
540490 244008
456018 567540
571713 322140
141570 361103
582010 516100
617695 586715
280881 89541
76672 397282
225199 -1
226341 283015
411194 303975
378201 28654
242121 571573
270083 38825
262786 439213
501394 144949
278368 474306
285108 589184
306094 390768
419383 440058
310627 114657
364442 573463
180064 580850
94647 -1
188204 225085
272538 564381
380957 249471
88765 561754
366880 517628
621846 -1
17079 517622
461964 32319
292567 111035
289088 -1
184185 498280
120867 308787
311136 151548
454482 38825
283130 280396
343416 48784
485789 42867
395807 29084
23141 -1
49285 31248
126425 588603
373861 504726
256054 307557
125984 283366
594177 210094
571367 322788
419453 13646
578317 228988
425715 -1
45848 482157
16414 8368
459067 193216
270261 609275
123642 58444
18923 12962
66268 209351
339866 404797
562983 627901
421228 369783
367322 230087
539564 33701
161246 453946
422157 557005
107743 444351
471974 556081
364381 373825
406985 602049
60767 539958
171007 157542
41983 389891
386251 349247
459192 276883
117240 35730
365331 397702
71723 -1
23141 11342
214470 458463
334743 112797
115833 137185
353477 50123
173761 196525
129857 189814
85382 457704
482682 496398
279372 501823
50123 501206
293297 506397
538633 171597
407886 283684
277864 475211
456018 43891
385489 610043
428366 504348
264401 510848
357000 622587
209462 168590
355715 510973
502390 250847
87305 88867
268187 268487
320135 85386
7239 248246
146037 160577
270323 311633
608697 463104
352326 478135
159764 582678
464681 284488
17187 222227
77823 15024
320573 137075
624830 82
224836 485789
207469 551250
335360 68897
163712 554215
129552 434074
379483 260399
172390 253803
119088 59654
409641 406302
447547 104983
38174 249176
289641 357350
347728 400629
382836 53290
286003 371484
378071 367831
-1 -1
302785 167477
525131 115879
15183 621473
298151 215388
186698 -1
502286 62339
307920 464635
231160 109739
527723 61831
11342 77613
454888 58232
17132 402650
377378 63617
396628 259495
310213 376727
604778 194559
616392 290666
120685 556496
1500 311200
485306 171363
595394 358389
8320 483693
-1 -1
155363 400608
287103 158139
148776 243958
210640 377185
180344 464460
5955 -1
559424 262626
95385 303240
151229 425758
237070 439799
503177 536374
432052 195153
242712 383349
442509 412709
180447 301085
445883 302159
277992 323078
351969 207563
372037 540420
120863 97102
354420 545652
284327 197027
247058 579428
399646 485417
362908 541911
263167 258870
319946 208888
416527 -1
346313 272538
596620 174301
539903 51295
349001 325716
214675 296073
354420 170822
187732 382301
520244 543213
505440 321427
350718 105245
547054 48205
386551 186589
154402 158660
210026 90333
283925 70142
351042 -1
33071 329958
225742 320032
148342 149537
148491 324441
10757 242130
412030 170986
220100 564390
386917 394505
117333 50361
540327 134686
88239 445927
475628 225742
597274 615405
24191 516154
570426 162909
