412846
182508
288234
378711
17132
22552
216499
537174
507819
482901
172506
441713
93417
263169
482652
422918
363737
337709
378046
156397
602670
5955
567344
53758
537756
267210
68127
582035
317876
360915
249233
310124
465322
354834
459048
362896
369783
410096
569786
341389
292567
281005
601571
531946
305662
534206
298012
113066
227035
578558
502245
186819
471974
267348
3404
579357
146147
453233
557468
88631
157280
486609
357000
167723
487462
27437
170473
243600
216631
52173
103884
48373
204909
539903
521652
378046
130232
45907
329612
426201
363939
229807
168418
109759
20925
299119
435173
327505
315063
578297
380855
628642
155109
53366
565049
76728
438685
224167
135583
89784
124872
7287
514695
286502
563173
55581
310899
404492
267777
517622
388617
578124
10835
248085
223326
610417
107802
522261
305662
311352
170366
225348
168265
379931
70361
440595
92825
128654
364040
12626
227903
53258
21121
62728
377815
179316
511103
50206
625291
452587
441814
380733
226341
302721
311569
101897
135152
513861
609477
190192
454210
468829
184132
493156
544528
528816
308429
366870
115833
9310
8900
361993
420853
502796
183014
25756
294
507319
945
401913
89678
596873
91597
210229
97956
122312
322245
72260
617084
570943
263073
25756
88867
362908
214056
235214
621145
393348
187613
448096
184369
989
251182
72624
85458
157845
227981
333703
374817
85540
389725
172353
-1
387944
12904
450412
525283
79605
336318
495968
229807
542581
192413
38107
406411
8662
25756
620949
545995
220816
228594
547054
262490
314805
232935
170031
262490
593001
501386
557851
82
367911
313986
482869
527723
324093
430027
301150
139975
217477
358569
196195
557427
623348
409880
611170
251452
577973
602285
89194
403972
468696
547771
521675
296875
452705
576916
437998
579665
171363
593822
457905
461425
251132
154734
87371
579037
84793
318671
28981
387944
535688
396042
142498
588629
520512
353348
270303
448493
285040
46853
591763
619924
6779
408528
546285
151229
428366
282524
377833
318078
134686
500862
154944
412533
90084
118203
576167
499566
531946
622112
311352
120028
118331
11019
582248
240782
260485
595415
174588
486458
33172
394505
607808
178328
145765
69171
423512
564007
179327
405687
617490
400914
184720
605724
467390
438988
-1
65681
350689
456400
272677
242504
235816
160748
376867
292060
239561
159391
41008
493316
26857
344530
228118
249380
574758
436166
175876
253365
10466
526945
499797
629443
122312
76710
41744
181987
303712
582678
133382
611243
433140
436010
292645
377721
464204
306945
110704
427557
533032
51343
127056
20953
109669
287470
437998
168948
433367
248707
67252
414757
450984
387090
16605
265243
258870
145427
23343
502245
139943
434513
477533
621187
-1
527162
1675
593553
517245
343411
223499
387332
294888
493252
542581
231160
159670
333629
438345
134431
52572
467154
24856
94431
385195
250451
516199
83870
99377
90320
502390
593822
441814
4698
354339
34618
601512
50206
587038
316174
249824
258870
593075
277952
493252
493660
189884
900
164293
44609
100627
390859
456376
248493
445715
582173
364255
547979
421783
308429
311136
16605
260850
372037
324794
127994
12264
465953
517403
548442
500014
139825
2666
100669
506168
500096
26219
536726
532014
204909
172714
493295
272875
153034
315114
181572
246581
437383
385464
264401
94109
158424
615041
558441
364686
473945
490128
521675
258881
426318
9817
314858
617639
202101
431674
507347
509957
443382
159670
452587
260372
425506
45181
224364
97174
444351
317887
172355
92825
217729
591076
377378
152146
604729
351763
371349
534547
367246
11163
580284
154443
592748
167478
589077
465089
579340
305396
191763
214554
181520
62650
362713
141570
335116
350323
390069
580061
372629
94110
143745
97882
460961
75980
567407
378052
598640
229903
4010
37297
361265
236387
39470
470752
-1
594704
245924
224821
13065
395811
44756
165861
599748
520817
607808
279887
353192
584290
600762
335491
177033
270303
317178
358939
495844
320922
352793
97349
113970
181515
36018
317688
163205
166800
231775
18844
167723
53366
470132
316174
474321
90933
406835
72624
325266
37589
361487
74907
381640
139745
310109
217648
116558
475788
553982
378711
295217
422043
564007
159571
355924
237356
552633
330530
564429
90535
333703
218908
102684
496627
225606
569809
345832
592893
296875
420330
18327
153061
478135
586850
107818
472895
-1
86905
253830
397103
106207
607121
36643
427495
13529
480748
374811
378071
45484
291809
424758
82526
503250
395399
146004
402390
279887
151548
165076
93608
7678
40267
16935
577382
514445
342451
625678
394167
233114
557477
265077
140921
595602
386669
120684
150964
384094
135884
368093
503221
496691
360933
172441
521807
326260
513861
368848
210229
220321
610296
166080
312650
94272
343587
130740
146465
267370
9538
220816
522738
149093
523465
323078
592078
366774
272875
385447
264291
589764
185032
463181
211629
414384
418259
95544
578992
339191
386551
10118
512126
560221
184768
88997
218753
288263
345832
319733
455888
137017
206608
181520
603166
259679
367656
513440
274122
-1
341024
97374
260485
388938
180447
241843
235816
356301
598276
77588
391006
223426
418286
202184
153468
566282
389725
211032
264816
603413
398110
148874
190226
386251
16414
216512
273877
223755
416260
617782
22421
604666
330530
35975
248808
407008
614097
448306
622193
11049
405053
-1
351868
395807
544598
565720
225147
337709
7556
419269
606163
523291
239346
163824
531946
594286
267822
174301
457937
100591
93050
8677
311812
54946
24101
515458
1206
85317
379471
51940
456376
146288
627383
621592
557904
103729
56908
340250
175745
70142
286939
459634
174097
70514
18849
600293
27819
481226
518365
39351
624715
576143
538633
574690
453751
509854
46605
324093
531798
362030
594021
445721
400794
440533
151098
492138
220660
227903
256147
518309
159571
-1
455537
512614
97264
146037
226760
529157
434018
185922
152830
544860
387175
297388
531489
232822
584551
239048
315114
11521
66657
117240
423029
104354
595534
367494
66801
607121
562784
313988
40889
419803
170663
130207
258824
604778
91967
571713
242277
35975
12353
4100
377429
38107
497221
229246
186868
173436
607602
109849
276749
497365
324246
427432
345944
13529
386546
400390
514257
345944
577382
351315
306109
450984
190287
334849
378653
557831
519612
464681
444764
103741
63233
620922
367656
90650
25228
612030
156910
356521
579165
527162
100430
483244
580590
305845
46284
619419
348540
473704
516670
563807
204318
447147
590363
535196
182783
327321
263551
209822
84840
373963
335071
417536
245267
256893
278838
272270
309678
346887
306068
581030
1683
628642
242742
291350
302785
159383
12264
503399
607808
136185
628462
118331
50123
338260
229807
468793
435173
15183
512280
454333
600050
271619
117545
466065
302402
367656
110023
416914
461586
503497
79552
476300
412543
346264
113211
96955
258881
424071
351442
479247
609599
113312
185365
447543
288551
445477
254581
592516
229570
163954
107818
134686
71888
63493
473494
337621
255088
340305
31438
14748
329636
352326
485460
31695
259487
557050
316914
404443
512816
398884
167017
526945
265973
121038
355032
166865
149526
576143
159077
177744
490423
452817
316257
301150
213517
66730
45848
468013
556080
365852
231041
559581
260485
571727
552299
73751
304161
85479
464165
490975
111163
216584
253803
280445
192292
425088
25244
126106
470384
563862
453769
512280
477533
386551
127560
384197
614097
189891
461167
104120
189103
240073
30017
180099
92937
537978
538505
298550
77189
478302
446133
581297
442331
488534
513153
416434
399852
501394
620922
216524
18324
503229
113737
11134
488967
182324
252336
144070
32848
476300
280191
273686
293846
510329
12904
526965
503230
208079
600444
137362
325593
392296
386669
521411
107237
341761
333921
55157
235214
395049
136521
588770
399772
302174
242277
444764
24933
514840
470073
627398
532972
445969
989
176971
125901
559826
351315
452587
54930
229651
283130
390201
592893
326652
323610
468326
454482
191763
378711
55494
283273
31813
565532
587664
3662
541492
406985
357997
38808
493512
440052
566483
257908
500648
-1
223426
542001
548010
294578
299119
14453
10118
481141
112987
76393
612428
358499
270323
261360
398943
409818
80095
208785
16652
162962
603413
434623
60767
42505
108458
272875
9832
418286
282861
1163
115833
124667
116915
86438
153156
86011
223451
413537
120949
388488
120380
436010
145551
33472
241050
320032
86905
268292
76019
441352
190758
508088
352399
396671
624515
179529
395811
-1
132424
453112
115028
996
-1
179327
17325
270261
21590
80057
434623
317660
628462
97374
168014
10137
355924
497069
129857
121373
441196
504259
184303
14412
261214
386980
51577
460381
141546
147452
607173
306561
286003
321307
10501
574215
392296
76750
211125
452587
292060
253051
337037
462313
401913
38076
103817
594661
172506
235341
52173
38076
180169
163047
8033
333629
126527
320348
605174
226689
473984
445715
433363
483245
340659
541492
428035
283015
345944
620241
387239
158880
229651
153497
15600
101897
515074
412533
170234
447309
187910
299245
89504
89505
150964
240177
340604
436922
513153
243002
262626
259253
5646
160514
143702
560133
12904
575284
44523
390583
411714
426201
300288
4402
579165
120257
281635
86923
591680
40889
607121
250132
69363
615041
132484
516100
587664
215342
347481
577344
141039
204583
449869
624830
206812
559282
350965
125387
274834
401913
457937
340992
539903
262039
8728
226766
621351
590471
268292
30931
71166
378046
100757
976
443106
9045
534606
37297
346313
28480
258106
246687
593586
181515
503272
450984
334782
369905
604414
442545
290840
264700
273787
363207
217648
595173
522941
394530
114157
537174
533409
65105
17676
528585
151913
453680
272384
70359
59086
38506
628967
505055
352993
381380
548010
127056
170366
359255
64981
6108
78839
289753
251132
198804
3811
113340
63900
148342
216631
166080
546701
304635
553955
526945
616368
446848
462071
308246
433792
375001
316871
5138
79605
523603
307710
329404
46613
205308
27374
82
359293
230732
48393
525396
4629
554082
340575
561259
83316
560943
368379
616277
332267
83614
390768
495794
299119
401913
447285
225123
316697
50123
518241
36310
168418
486268
27437
583756
100813
343555
497949
142019
36264
306156
24634
210229
94431
454333
517694
382977
619832
128512
387207
412846
113039
447285
362371
125160
541398
167733
249233
254943
291638
127056
287103
438944
260485
483693
561462
377815
518044
137017
235733
459342
82120
445474
206812
161528
538505
178200
294660
287399
4498
229570
13646
282334
168265
318651
112231
277952
557387
6779
106207
135978
457905
14756
57281
242504
446446
49433
567880
541074
369222
306068
83614
556081
66231
18694
565440
613075
274251
238031
131445
287399
280881
512833
31420
20945
35975
453769
606581
624830
80853
73078
109669
173481
441814
624715
454239
362007
584681
5958
205809
217082
189557
192949
433140
211629
9955
369153
298905
8900
353192
552092
287103
535127
4194
171922
613638
43861
600895
-1
430902
398110
233240
613925
332594
412704
55581
466268
152546
138262
601196
163328
273105
606368
386835
566483
2337
206797
460070
191788
217729
272509
309346
235214
363594
105906
167313
127611
258458
60389
534699
137075
577382
400551
394015
95285
101283
370764
126790
394294
574758
2686
536726
407514
449668
412402
109952
170676
216656
486538
277775
555431
154258
234813
433127
545995
355377
17132
446428
603280
186974
402650
83498
189884
556818
3682
274122
358279
574758
567407
34217
526338
487963
529787
22584
121093
302159
428035
541276
226088
473277
107816
48896
521629
145274
482958
130067
448815
522629
190758
3141
55531
579123
142498
245300
609321
390614
34138
56908
88619
556780
521685
202509
234308
113309
53066
381071
490207
302174
206983
66801
78023
219465
125889
555724
468223
386621
609721
367656
5138
622529
577890
9438
149195
623827
266508
312188
595054
212340
184537
448752
452815
177400
529267
44962
78839
514257
243971
316174
2742
71512
512833
275642
478264
398884
599822
468918
435173
152546
287560
381862
133382
575742
572947
599456
15726
345273
116
180064
-1
52324
286000
183669
99377
329637
33701
358499
249253
394273
235967
234052
508088
80095
77479
512169
446131
389430
481596
547771
7479
252039
590287
230326
591811
385489
21280
443724
311569
46605
405480
4402
592893
351086
387207
16414
274834
245550
399326
322853
183939
420392
462958
20647
88631
489065
480710
389990
151229
26346
606952
539691
30135
176971
141367
557198
378046
214056
191301
550417
625426
370890
11595
4498
1206
522738
333629
283902
56421
116
252230
358383
135895
-1
102924
105674
259916
211913
257908
311321
607808
28485
588266
621534
497955
346158
330315
248136
119077
171007
338324
169348
235228
304463
473277
541381
564007
436047
569148
99321
267593
240487
416646
59086
337682
272343
615041
376436
340659
204909
492138
328953
427495
491854
262962
617552
557045
503177
340305
214784
341477
98107
486918
185010
23593
217966
257115
405299
515423
465953
284327
530941
432834
391244
54632
563860
381252
437410
10434
80198
399172
8589
224400
324721
238185
92941
272343
227035
454333
209822
577221
-1
441263
62460
178226
48769
451088
624166
562080
229807
536374
56469
288798
217477
453751
540350
391897
104437
263149
459342
232971
478353
450412
92339
253051
207219
316871
557277
313857
526708
539903
453751
598510
186819
-1
274122
38947
105620
531563
171100
354568
455425
346190
84673
108407
610368
566282
265243
235214
26702
286796
72260
124938
223326
472895
167313
163097
400826
134736
126889
604371
610394
414532
474414
420629
595194
339440
555284
240163
256199
76710
574822
431592
433511
87371
388071
122508
468793
623704
450311
534824
402457
97174
462431
583184
90320
234936
76413
349974
620005
217082
465276
541492
257182
82120
380310
120892
138647
273105
609074
235214
441713
360915
210170
386491
379219
386980
325504
348125
521981
12524
622593
163523
159764
521807
301516
315876
311339
564895
115275
60783
54930
294404
453941
207880
72412
110023
620689
490287
316912
29084
361765
95881
1500
206751
391405
505431
337762
175165
72072
230584
65681
114407
495117
140182
221591
114823
253830
225123
547247
88083
515005
28184
352860
230978
59591
121617
564390
-1
53093
418431
302406
411633
215619
258106
158830
437383
160076
55993
253354
58870
206836
511878
17325
179327
441263
455888
294702
399772
463778
315410
102906
563892
352453
82120
140458
56469
593795
324896
287527
428768
252986
453112
627288
334189
-1
369001
206608
71512
618314
51012
135583
24005
276819
598698
300403
559019
250132
52173
22552
8662
395711
476732
31192
159923
610922
167312
498365
248493
439220
322480
181549
568394
195799
320776
476300
450616
413585
82116
168214
490310
16652
160577
108407
124062
365355
615799
599817
104481
468996
440135
313195
327633
375909
205737
96747
123961
614868
213370
285040
626367
558358
564153
232103
507319
475171
44732
51940
617782
275321
141732
285420
548488
199993
287809
213069
138632
74380
568554
326260
492649
280776
82971
191508
213983
354420
343254
348125
145765
250717
354998
600598
301786
429739
544479
119504
134295
403500
161960
338324
239607
330530
602875
538814
474217
139975
60081
404846
56328
266377
352993
283633
528156
462313
333679
3404
595394
171363
544503
539765
34345
172030
364040
358435
452587
625588
576754
208785
312188
101897
569202
405687
99204
603020
392676
281317
25460
557851
242500
478064
394588
458733
386546
144555
286150
386551
248870
272270
99400
260399
272509
66000
445702
95385
534779
241512
215806
28981
240237
212060
544646
231775
456018
406411
560260
265026
251
240010
469835
32492
70463
609721
223755
456376
112668
386621
398884
299119
360086
579340
625426
103729
564429
349974
345944
462431
319946
224400
601512
340532
315410
332647
243561
599768
386551
464681
76710
218651
111035
492684
3404
552633
188662
344585
565779
38907
421783
213105
433639
172664
378711
620689
181515
158139
492138
242277
29903
71808
578037
424633
576916
84033
515387
583879
894
165861
602129
487508
234506
615421
625291
445762
147922
40378
330530
55187
45390
5137
411714
8662
25756
45078
301786
596110
517875
289044
280629
409880
432735
617490
56421
288973
343841
206465
500637
421456
354998
250101
440010
235971
446559
238832
163712
329636
218908
180553
352993
78429
513395
118135
106489
207005
322140
173285
610496
98107
433363
267777
461494
510875
440533
362371
101397
43752
109759
280205
450322
462431
167733
559063
55475
87371
573012
32612
172355
235644
44732
614086
84836
23447
540394
572952
391244
345640
623776
10118
491243
451128
394505
343411
377010
32848
255430
179996
320573
582035
446305
562259
298012
311561
330783
356503
255764
527938
405456
620241
559465
90320
72046
236387
618914
226086
453112
264291
12
90333
72083
153189
112705
125387
487602
335360
329717
94914
492668
5026
215404
564007
114087
533409
551683
482282
408898
33701
599435
305367
473704
550022
453769
162291
15784
101300
531236
9817
293380
216499
587507
4214
336955
33062
376867
310897
209503
13634
516167
453941
103884
-1
71269
398547
418596
443792
59919
503770
385447
134364
245766
264770
214459
136059
359507
375563
388428
17498
500898
264518
270261
515074
287895
456639
180447
507727
252986
38107
581253
419852
543521
376436
77086
70359
593925
238031
329295
286317
395841
292372
216506
507727
511004
265228
11200
491243
437346
189879
465145
610505
422342
261118
318080
607808
110417
59086
8033
499797
347951
185212
224754
297388
183608
247627
444351
540727
88431
220816
61831
2742
159571
434631
624516
553420
323080
69171
86612
477155
564299
508640
25756
422354
6041
173761
159115
88905
46613
471890
441814
8589
335890
302174
174296
68127
56949
382836
581687
456400
337762
87134
576167
565661
515387
86251
532849
242712
21689
393854
122508
594661
278761
257154
528585
173002
220607
317098
185192
279249
341121
419269
446768
377681
75465
248000
560771
342619
362713
460161
267210
85458
362908
34817
582678
319523
460381
624906
322853
209742
18255
170676
303644
230515
348317
131277
283366
549989
329295
311035
425088
382675
433381
419852
619768
246554
526708
260485
445396
195040
236532
3101
58232
213423
608727
273686
507046
589764
122756
537852
592748
321780
22421
525643
490515
96732
86887
481743
233073
6108
256522
290863
379506
367160
-1
544860
11049
433792
584808
357676
259020
144961
262962
115507
609721
575975
493162
504440
343841
190287
115840
66801
545856
305351
69015
369905
189891
601512
147599
510329
422839
521652
207889
252336
495968
438463
159077
61483
30807
468696
529267
289088
489506
363540
284514
205867
237959
105674
602023
518534
396701
85462
9955
256059
441196
294404
615688
293279
360539
268022
547247
526336
562784
40378
294578
628088
42796
21523
561953
43760
214459
237912
47528
444615
372037
346546
16065
41832
316914
138824
123825
46181
588343
151913
512174
164630
348317
496723
108056
162648
488694
412846
565440
435173
12353
26702
62655
171114
252986
607353
305662
331386
184132
318846
473316
394505
108840
183608
104143
569348
516087
337709
23225
590471
82526
437998
539564
260214
311619
605724
42796
231986
528585
129810
322245
615421
170946
82
121613
557277
467863
469835
85858
152856
276981
406756
417539
152120
258320
87046
312188
607602
149526
410499
122997
292713
619419
-1
580284
607448
74315
145318
512908
31695
418391
159764
275727
446446
34988
427495
281149
172355
535240
624996
350937
34419
481596
400374
276965
36536
627664
9853
138632
284327
384094
48393
602843
230924
549740
170694
148342
581304
597274
230765
274251
295879
315410
625332
181520
9504
465276
611243
476218
393504
274834
195014
18385
369153
367911
305845
64126
338968
351315
184303
234160
337014
31813
514272
434623
536023
559282
386240
126889
479096
621534
439220
572528
34138
547503
82120
517694
562983
388688
456
474127
12665
5911
-1
437383
227502
332647
43760
113309
385375
625176
615466
579452
257714
39897
28950
527152
261582
8320
121373
340012
99263
162564
214554
605784
10501
520512
257154
621534
533934
337621
359507
9955
179529
120257
374058
211913
249824
444764
14412
595054
518044
309678
-1
534245
354834
215663
398944
431651
257935
443776
378046
502245
481591
185139
533409
545166
464020
163817
509690
349974
586306
442269
595410
818
593006
587038
100627
31695
552092
135161
587701
237772
442976
573149
40481
378052
456284
67941
76534
482282
606581
374766
418286
136303
445396
465231
8266
394424
168418
324944
249471
53258
303270
479370
528376
554790
45163
209158
322072
41744
627288
589809
147729
144046
431592
254658
490906
449909
346242
331576
311786
324896
340250
55993
210229
588619
566765
179083
163047
305062
265986
376436
213681
374979
73532
603003
76501
574522
345839
216080
215663
332647
607173
381647
480617
56632
587664
253354
613999
567407
115028
512948
143247
519389
456376
316759
508780
89541
16065
420888
378071
545502
9744
56469
267210
391405
395399
615688
343872
202382
522261
98370
355461
162033
373247
18385
26783
393504
549814
454152
172185
20938
49173
397643
60800
41373
242742
189103
463044
335200
267050
103729
7479
228451
516087
-1
267822
411714
106489
603166
202184
508852
80853
557005
611481
493752
576167
225199
100223
78125
189884
10466
334743
384059
18642
215663
155032
539765
166080
526717
265430
102906
437346
148582
335740
587641
499566
109053
237959
623087
57135
39488
150785
358609
526965
168214
481038
258516
480748
441348
13646
8677
617084
627383
478064
342733
129810
113756
9768
243892
300288
300346
349719
207787
53258
97349
165971
580061
87046
385489
434035
252039
380386
289088
373943
345944
246981
470514
533934
260329
267777
106596
577221
566630
391897
177665
13932
236532
248764
41293
48944
179327
256893
129398
441263
293498
540908
308766
449214
277992
438463
292547
411787
390583
271806
353885
334189
337874
77692
111581
447335
350118
179890
271995
557387
440010
338260
342982
22552
22421
627383
478302
79605
286684
317098
41722
564587
26857
176971
82
45539
260485
538900
158139
5181
446119
168265
578503
59309
583335
349974
603129
428818
174148
479442
366110
86923
338327
212903
499566
58302
514272
222538
615870
64981
295755
170520
503230
33733
406275
253365
621187
366880
-1
115275
520512
265026
487761
46624
234065
524810
226828
349638
80095
3101
525089
570140
132903
434813
165159
98435
614855
627398
163954
487463
383744
445383
255669
66132
502286
71888
108407
187732
436456
479487
400390
35804
315250
480710
333810
235816
314805
169372
559063
97925
532927
255088
23885
549434
445396
370890
22596
44523
134686
210168
531540
443436
181515
521675
318528
617552
31813
337014
196888
195527
66801
394530
408255
78125
162480
133501
412987
542413
295217
395885
362713
379065
123504
307447
313761
608545
76019
291066
543843
453751
207334
518732
224821
321780
330530
80584
626678
131763
211125
172355
316021
157550
223862
613075
416682
268001
81018
68770
191788
224167
68995
443106
377721
276981
170366
84623
550901
53395
-1
179966
485789
129552
607121
382836
517413
10466
314250
598397
59212
542915
456049
375521
104702
7287
475234
351042
102911
60921
354339
223755
361041
144666
579165
235733
478124
501082
16065
170663
46518
435173
148115
46613
331386
384094
566483
410907
516436
107818
144418
352206
181570
133453
260329
177393
574670
390114
574507
337634
407819
274618
463106
525643
376862
314768
229714
95385
566483
322853
358939
431651
295879
127006
10118
450455
237237
21689
209934
60578
529860
386669
123129
610043
425586
77995
167198
172353
94431
358630
407008
284384
292645
320288
567312
68316
57525
199750
474934
53366
585237
584625
195799
947
360354
537174
244097
43891
130920
498365
213370
256029
590287
181515
433197
213068
213935
173761
235733
469904
157845
235214
222333
55993
346820
372144
47341
256893
560870
174719
65681
265772
380549
75465
365355
9744
30423
380957
282593
349001
240177
529994
603020
429739
205841
554434
139745
258824
80751
-1
507727
322332
231775
286713
295482
101300
114220
474993
446119
22665
515910
518608
612428
112668
179529
156397
565779
343841
213828
376746
574690
282524
342038
434623
493810
6107
152856
589077
527152
212340
607173
255088
125901
83614
295482
608178
512816
341761
517739
59919
467490
14756
211452
126478
574812
16065
160577
251634
554468
103018
570792
385331
271414
219897
184720
512174
109306
51087
598640
209503
287909
321293
126425
149862
389891
258106
24543
496541
30173
330530
596938
39392
250132
568663
592160
178618
288324
184537
78125
610798
483245
581317
130236
476127
459342
10434
490287
312188
545175
177767
563862
606143
107818
11019
245632
235230
168265
580937
25280
355618
433653
213370
122113
623939
13582
395965
100750
359823
599
126081
256059
625830
441348
83806
433589
203976
161246
437383
203976
4629
294404
286796
4194
38825
155911
533004
577890
555821
57441
426824
321307
58118
560359
484977
88739
391134
95285
83620
607808
59951
428863
121617
592078
264291
294438
217297
498280
396200
481038
306094
340532
4526
173797
214920
431674
125889
619924
28950
492649
210551
548010
226828
146721
412533
282334
505663
150088
127413
347728
159125
66508
625414
22552
605907
539765
99725
345065
521685
124310
400551
379248
164995
286239
66000
52572
578297
162507
87933
563928
497242
336744
445934
514658
149746
511260
206983
134785
622593
555284
23212
13145
547771
527162
19705
118331
102926
226341
26041
434178
621534
412846
291105
422046
41158
311339
589257
246230
528376
156238
146004
329883
422775
118691
213520
553982
301477
440595
320288
336318
601571
212885
476162
17325
503230
240163
624855
330315
403811
362468
65681
390935
9474
53139
536160
255764
413821
77799
65105
5138
153868
278485
399646
535688
513256
138530
13504
278987
78279
574753
-1
445721
158229
503250
23719
14412
438722
587801
110094
478302
208785
577217
63123
288644
207312
9499
184720
587507
223426
512126
611831
325871
246687
127751
271293
178200
340484
481226
239607
377010
219420
575777
270323
499566
120334
613689
433653
90933
282593
21110
587507
443652
582035
70911
477516
534699
350874
565786
172030
10733
111143
117829
312185
607353
356577
448815
407514
128920
-1
104120
459067
337709
170682
95881
466688
274022
537966
475725
72260
613689
581720
525499
485119
604482
438463
406835
601571
578037
-1
339323
252775
386551
424281
282334
450907
4010
221775
359293
118920
265986
60783
428363
293527
602875
335493
524810
362391
315250
-1
290963
27007
524728
443198
119077
525131
390201
382836
526408
563921
459048
209742
380957
88914
546253
338327
589077
77654
253365
13739
556564
131763
314858
15600
122113
148342
445477
418569
8033
618314
168590
161015
340250
9474
133766
617562
80820
162361
225954
583034
214956
336318
582248
2332
83614
24910
309883
293174
480710
100157
88997
293257
450455
86864
7287
271291
548442
356297
456
115275
520244
40985
388650
7486
580061
366611
367322
317887
445555
456639
71429
303674
543958
355924
98388
583237
15976
259916
121373
249851
540350
278838
294475
394505
248493
123557
339063
72260
27819
400737
76750
235636
398110
624515
436551
8525
386085
339440
13437
268124
606004
200310
-1
606581
184720
438332
342088
105725
355353
188862
259495
52173
442269
417516
62728
148115
497955
490988
371323
391244
259381
44286
442984
471960
270167
132755
383279
7678
230802
16113
31192
256553
577382
523082
592389
90935
287560
329637
453112
294855
277894
13504
162507
426843
282117
418286
2481
10466
368524
579037
88619
219701
445721
215404
277864
582173
208298
516311
574758
114162
443033
592893
538633
383773
347728
582035
542581
322853
586715
75721
312391
38174
317887
156499
614389
92825
521411
562953
279845
318
245766
188662
166080
445866
292645
288092
66132
158660
108840
69171
143377
280881
625678
587664
422775
296910
320602
376746
479438
374766
12056
272509
168590
161960
27071
594177
224270
230087
355924
76751
217477
522261
346473
478710
415726
367656
586368
425758
85258
242121
603869
176744
380667
462958
446415
379425
211913
256059
238185
708
133382
80382
550797
16652
41516
433159
508852
570475
221247
65105
164088
579165
238440
193216
339221
86003
259487
287560
171032
414335
256147
374154
68746
394294
189879
442976
245766
307485
90633
198296
120807
439220
8130
6957
508974
336682
575934
117414
552092
374412
368619
41343
264291
95881
187369
478534
273824
572528
582035
309678
306068
145372
355377
340992
459660
535386
411714
298159
562784
615114
163300
464020
57525
308429
494581
74726
398790
9154
237070
362908
171363
165691
339440
517739
391405
469149
37181
596309
181572
433298
593001
173002
35975
117881
94914
453155
352220
365037
92825
404668
313729
348125
60389
374544
233705
33676
247615
156397
362030
580590
610505
551866
131562
453769
126355
103510
324794
486918
380985
577214
281642
140863
549434
162507
468326
8728
319733
581436
529787
572399
208520
269055
170366
517478
18255
569155
553541
266240
584290
123564
599373
494574
238655
313223
80096
247930
75980
505521
273950
107802
482823
158010
116
317098
450311
140882
541381
14756
457736
304821
157278
6997
274322
542655
4809
255697
271847
624996
379425
284964
447543
530941
65787
312723
235816
23447
355625
91158
467280
455077
33701
581304
221040
71655
356860
398110
607808
386980
162962
306818
591579
451907
203292
77909
534677
491973
492138
351634
289022
95385
23447
299835
20938
217808
550930
88244
110704
187006
291782
20003
608375
572429
583251
557851
108696
520263
214514
435733
61483
372253
306862
62988
207889
185192
134364
570584
267210
172400
405759
545995
235423
438986
268648
584140
346599
66231
348692
28184
435309
170676
139248
395841
343328
147119
617084
176831
228594
62043
295482
37297
113252
162291
189884
51214
525643
475171
551788
82047
16113
176831
311619
180644
412883
490988
565964
563400
340484
54498
368479
539691
368848
181039
401949
593920
542029
275153
437998
309392
543442
607808
449950
203600
449214
534779
450010
68127
556080
215136
181230
325975
479142
306862
88914
257899
302721
92715
302758
557427
100813
204749
462958
291066
334880
429342
444152
130579
337429
60578
574647
33744
229807
131763
146004
218753
448260
159095
162564
80547
603413
153497
600293
335491
20503
621473
32776
457937
224287
374169
85780
87046
129971
386524
337014
516064
85048
310899
308319
543913
492850
425506
540271
495783
390768
419383
215511
105525
234936
10118
258928
198296
-1
186720
165779
281317
125387
403532
16605
566480
553921
467280
611187
208520
468013
243561
320288
454482
579340
439463
45911
625291
593207
77588
105725
263169
534245
224400
186589
210229
46518
560507
101300
153468
137075
76520
384197
474491
356330
204078
327225
37696
147922
495040
180165
80547
444343
249851
431933
588770
414335
117881
603940
163824
270303
535957
-1
139905
267593
284384
492017
177767
172714
492668
521411
296523
14756
502731
566764
292344
484977
528585
570306
170072
341761
317157
279015
299245
63443
14453
287084
497763
33744
500723
1520
435150
44147
129003
384059
314805
389725
261301
88914
552198
277211
6997
386524
390009
301150
44732
10466
97882
334189
79552
9310
421055
314805
226088
394505
53490
205323
297388
547771
487963
457704
17132
274071
283015
141039
591579
279887
247236
344057
287267
32478
72260
361068
526717
286453
543326
309198
622529
398110
366774
148582
322480
536023
588603
9832
619941
580146
615242
261360
604371
328958
328328
26974
205308
621448
329612
246690
209158
71429
438022
404489
248543
388743
466065
479838
594374
99134
531377
505974
528585
475725
91597
173689
362747
161351
527162
278397
51595
334426
101360
234723
347828
257806
615688
572947
440346
417417
473704
299245
217632
246687
86864
204909
441056
165949
465764
226341
100813
457149
303270
407886
287666
382348
390252
517739
13263
103018
583251
37126
475171
234723
356301
426173
559709
305662
57170
211032
623564
50449
136185
613638
333533
169221
180232
27475
509118
221421
223578
220816
306370
74855
123825
608178
433653
548677
460070
99541
512892
295879
342380
592389
320285
281114
607139
226450
335161
7678
592763
48896
116162
322750
496541
246539
231033
162909
507319
213134
625414
569202
420330
587741
471284
453769
338798
285378
51012
26219
607139
423996
480059
358435
556154
101283
454482
139975
490310
221206
549082
420924
19419
599811
225742
527338
142498
251634
86373
134368
-1
49509
465822
284327
621496
514840
224979
465276
204843
607741
530733
261510
141988
340250
459067
66508
516199
229903
11539
224669
93608
622230
95393
46455
154443
515387
339450
431592
14412
180892
478064
626367
401913
310899
587507
196195
465145
488694
448924
313195
594661
316912
614484
171100
176810
216631
235733
290666
370544
238440
100422
620005
232971
130207
126867
156397
309678
409971
175407
395473
78125
351315
574647
154122
440346
449950
204943
91327
165779
363082
625241
222966
49173
232295
614086
602670
386551
5486
341746
252336
526408
13902
286796
67159
359388
557468
144376
51571
305062
499571
605561
525283
481196
113970
242024
108970
389990
33565
579852
528816
310124
474885
326943
220100
359265
250847
317526
123504
460753
44592
607139
372171
535422
365037
481653
17653
181515
125901
540490
456018
571713
141570
582010
617695
280881
76672
225199
226341
411194
378201
242121
270083
262786
501394
278368
285108
306094
419383
310627
364442
180064
94647
188204
272538
380957
88765
366880
621846
17079
461964
292567
289088
184185
120867
311136
454482
283130
343416
485789
395807
23141
49285
126425
373861
256054
125984
594177
571367
419453
578317
425715
45848
16414
459067
270261
123642
18923
66268
339866
562983
421228
367322
539564
161246
422157
107743
471974
364381
406985
60767
171007
41983
386251
459192
117240
365331
71723
23141
214470
334743
115833
353477
173761
129857
85382
482682
279372
50123
293297
538633
407886
277864
456018
385489
428366
264401
357000
209462
355715
502390
87305
268187
320135
7239
146037
270323
608697
352326
159764
464681
17187
77823
320573
624830
224836
207469
335360
163712
129552
379483
172390
119088
409641
447547
38174
289641
347728
382836
286003
378071
-1
302785
525131
15183
298151
186698
502286
307920
231160
527723
11342
454888
17132
377378
396628
310213
604778
616392
120685
1500
485306
595394
8320
-1
155363
287103
148776
210640
180344
5955
559424
95385
151229
237070
503177
432052
242712
442509
180447
445883
277992
351969
372037
120863
354420
284327
247058
399646
362908
263167
319946
416527
346313
596620
539903
349001
214675
354420
187732
520244
505440
350718
547054
386551
154402
210026
283925
351042
33071
225742
148342
148491
10757
412030
220100
386917
117333
540327
88239
475628
597274
24191
570426
